2021-06-20 00:02:43.390309
r: 0
Params
	D: [4.144, 5.454, 4.761, 4.122, 4.444, 4.334, 5.494, 3.795, 4.313, 3.146]
	W: [0.549, 0.715, 0.603, 0.545, 0.424, 0.646, 0.438, 0.892, 0.964, 0.383]
	W_P: [0.181, 0.33, 0.451, 0.551, 0.632, 0]
Solution
	x: [0.0, 0.0, 0.0, 0.0, 0.0, 0.0, 0.0, 2.403, 4.313, 3.146]
	z_PM: [0, 1, 0, 0, 0, 1, 0, 0, 0, 0]
	z_CM: [0, 0, 0, 0, 0, 0, 0, 0, 0, 0]
	s: [4, 4, 2, 2, 2, 2, 0, 0, 0, 0]
	z_P: [0, 0, 0, 0, 0, 0, 0, 1, 1, 1]
	z_W: [1, 0, 0, 0, 1, 0, 0, 0, 0, 0]
	b: [0.0, 0.0, 0.0, 0.0, 0.0, 0.0, 0.0, 0.0, 0.0, 0.0]
	h: [30.0, 24.546, 19.785, 15.663, 11.219, 6.885, 1.391, 0.0, 0.0, 0.0]
----------------------------
r: 1
Params
	D: [5.745, 3.239, 4.319, 3.751, 5.462, 1.94, 3.678, 3.616, 5.134, 2.9]
	W: [0.417, 0.72, 0.0, 0.302, 0.147, 0.092, 0.186, 0.346, 0.397, 0.539]
	W_P: [0.181, 0.33, 0.451, 0.551, 0.632, 0]
Solution
	x: [0.0, 0.0, 0.0, 0.0, 0.0, 0.0, 0.0, 0.0, 1.138, 2.9]
	z_PM: [0, 1, 0, 1, 0, 0, 0, 0, 0, 0]
	z_CM: [0, 0, 0, 0, 0, 0, 0, 0, 0, 0]
	s: [4, 4, 2, 2, 0, 0, 0, 0, 0, 0]
	z_P: [0, 0, 0, 0, 0, 0, 0, 0, 1, 1]
	z_W: [1, 0, 1, 1, 1, 1, 0, 0, 0, 0]
	b: [0.0, 0.0, 0.0, 0.0, 0.0, 0.0, 0.0, 0.0, 0.0, 0.0]
	h: [30.0, 26.761, 22.442, 18.692, 13.229, 11.29, 7.612, 3.996, 0.0, 0.0]
----------------------------
r: 2
Params
	D: [4.551, 6.292, 4.042, 2.882, 4.539, 3.404, 3.981, 5.175, 3.252, 4.009]
	W: [0.436, 0.026, 0.55, 0.435, 0.42, 0.33, 0.205, 0.619, 0.3, 0.267]
	W_P: [0.181, 0.33, 0.451, 0.551, 0.632, 0]
Solution
	x: [0.0, 0.0, 0.0, 0.0, 0.0, 0.0, 0.0, 0.0, 3.567, 4.009]
	z_PM: [0, 1, 0, 1, 0, 0, 0, 0, 0, 0]
	z_CM: [0, 0, 0, 0, 0, 0, 0, 0, 0, 0]
	s: [4, 4, 2, 2, 0, 0, 0, 0, 0, 0]
	z_P: [0, 0, 0, 0, 0, 0, 0, 0, 1, 1]
	z_W: [1, 1, 0, 1, 0, 0, 0, 0, 0, 0]
	b: [0.0, 0.0, 0.0, 0.0, 0.0, 0.0, 0.0, 0.315, 0.0, 0.0]
	h: [30.0, 23.708, 19.666, 16.784, 12.245, 8.841, 4.86, 0.0, 0.0, 0.0]
----------------------------
r: 3
Params
	D: [3.956, 3.523, 2.686, 4.885, 4.881, 5.71, 4.05, 3.595, 3.455, 2.454]
	W: [0.551, 0.708, 0.291, 0.511, 0.893, 0.896, 0.126, 0.207, 0.051, 0.441]
	W_P: [0.181, 0.33, 0.451, 0.551, 0.632, 0]
Solution
	x: [0.0, 0.0, 0.0, 0.0, 0.0, 0.0, 0.0, 0.0, 2.784, 2.454]
	z_PM: [0, 1, 0, 0, 1, 0, 0, 0, 0, 0]
	z_CM: [0, 0, 0, 0, 0, 0, 0, 0, 0, 0]
	s: [4, 4, 2, 2, 2, 0, 0, 0, 0, 1]
	z_P: [0, 0, 0, 0, 0, 0, 0, 0, 1, 1]
	z_W: [1, 0, 1, 0, 0, 0, 1, 0, 1, 0]
	b: [0.0, 0.0, 0.0, 0.0, 0.0, 0.0, 0.0, 0.0, 0.0, 0.0]
	h: [30.0, 26.477, 23.791, 18.906, 14.025, 8.316, 4.266, 0.67, 0.0, 0.0]
----------------------------
r: 4
Params
	D: [3.352, 4.599, 4.332, 2.853, 4.619, 3.912, 4.425, 4.332, 2.843, 4.351]
	W: [0.967, 0.547, 0.973, 0.715, 0.698, 0.216, 0.976, 0.006, 0.253, 0.435]
	W_P: [0.181, 0.33, 0.451, 0.551, 0.632, 0]
Solution
	x: [0.0, 0.0, 0.0, 0.0, 0.0, 0.0, 0.0, 0.0, 1.915, 4.351]
	z_PM: [0, 1, 0, 1, 0, 0, 0, 0, 0, 0]
	z_CM: [0, 0, 0, 0, 0, 0, 0, 0, 0, 0]
	s: [4, 4, 2, 2, 0, 0, 0, 0, 0, 0]
	z_P: [0, 0, 0, 0, 0, 0, 0, 0, 1, 1]
	z_W: [0, 1, 0, 0, 0, 0, 0, 1, 0, 0]
	b: [0.0, 0.0, 0.0, 0.0, 0.0, 0.0, 0.0, 0.0, 0.0, 0.0]
	h: [30.0, 25.401, 21.069, 18.217, 13.598, 9.686, 5.261, 0.929, 0.0, 0.0]
----------------------------
r: 5
Params
	D: [4.188, 3.67, 2.807, 3.795, 3.641, 4.603, 2.335, 3.3, 5.151, 5.857]
	W: [0.222, 0.871, 0.207, 0.919, 0.488, 0.612, 0.766, 0.518, 0.297, 0.188]
	W_P: [0.181, 0.33, 0.451, 0.551, 0.632, 0]
Solution
	x: [0.0, 0.0, 0.0, 0.0, 0.0, 0.0, 0.0, 0.0, 0.0, 5.161]
	z_PM: [0, 1, 0, 1, 0, 0, 0, 0, 0, 0]
	z_CM: [0, 0, 0, 0, 0, 0, 0, 0, 0, 0]
	s: [4, 4, 2, 2, 0, 0, 0, 0, 0, 0]
	z_P: [0, 0, 0, 0, 0, 0, 0, 0, 0, 1]
	z_W: [1, 0, 1, 0, 0, 0, 0, 0, 0, 0]
	b: [0.0, 0.0, 0.0, 0.0, 0.0, 0.0, 0.0, 0.0, 0.0, 0.0]
	h: [30.0, 26.33, 23.523, 19.728, 16.086, 11.483, 9.148, 5.848, 0.696, 0.0]
----------------------------
r: 6
Params
	D: [5.639, 3.57, 6.631, 4.602, 3.664, 5.238, 4.111, 4.129, 4.076, 3.845]
	W: [0.893, 0.332, 0.821, 0.042, 0.108, 0.595, 0.53, 0.419, 0.335, 0.623]
	W_P: [0.181, 0.33, 0.451, 0.551, 0.632, 0]
Solution
	x: [0.0, 0.0, 0.0, 0.0, 0.0, 0.0, 0.0, 1.945, 4.076, 3.845]
	z_PM: [0, 1, 0, 1, 0, 0, 0, 0, 0, 0]
	z_CM: [0, 0, 0, 0, 0, 0, 0, 0, 0, 0]
	s: [4, 4, 2, 2, 0, 0, 0, 0, 0, 0]
	z_P: [0, 0, 0, 0, 0, 0, 0, 1, 1, 1]
	z_W: [0, 1, 0, 1, 1, 0, 0, 0, 0, 0]
	b: [0.0, 0.0, 0.0, 0.0, 0.0, 0.0, 0.0, 0.0, 0.0, 0.0]
	h: [30.0, 26.43, 19.799, 15.197, 11.533, 6.295, 2.184, 0.0, 0.0, 0.0]
----------------------------
r: 7
Params
	D: [5.018, 4.6, 3.375, 3.828, 4.505, 3.739, 3.757, 2.547, 4.555, 4.124]
	W: [0.076, 0.78, 0.438, 0.723, 0.978, 0.538, 0.501, 0.072, 0.268, 0.5]
	W_P: [0.181, 0.33, 0.451, 0.551, 0.632, 0]
Solution
	x: [0.0, 0.0, 0.0, 0.0, 0.0, 0.0, 0.0, 0.0, 1.0, 4.03]
	z_PM: [0, 1, 0, 1, 0, 0, 0, 0, 0, 0]
	z_CM: [0, 0, 0, 0, 0, 0, 0, 0, 0, 0]
	s: [4, 4, 2, 2, 0, 0, 0, 0, 0, 0]
	z_P: [0, 0, 0, 0, 0, 0, 0, 0, 1, 1]
	z_W: [1, 0, 1, 0, 0, 0, 0, 1, 0, 0]
	b: [0.0, 0.0, 0.0, 0.0, 0.0, 0.0, 0.0, 0.0, 0.0, 0.0]
	h: [30.0, 25.4, 22.025, 18.196, 13.691, 9.953, 6.195, 3.649, 0.094, 0.0]
----------------------------
r: 8
Params
	D: [5.728, 6.205, 4.795, 4.976, 2.817, 5.916, 2.877, 3.336, 3.622, 3.208]
	W: [0.873, 0.969, 0.869, 0.531, 0.233, 0.011, 0.43, 0.402, 0.523, 0.478]
	W_P: [0.181, 0.33, 0.451, 0.551, 0.632, 0]
Solution
	x: [0.0, 0.0, 0.0, 0.0, 0.0, 0.0, 0.0, 1.0, 3.543, 3.208]
	z_PM: [0, 1, 0, 1, 0, 0, 0, 0, 0, 0]
	z_CM: [0, 0, 0, 0, 0, 0, 0, 0, 0, 0]
	s: [4, 4, 2, 2, 0, 0, 0, 0, 0, 0]
	z_P: [0, 0, 0, 0, 0, 0, 0, 1, 1, 1]
	z_W: [0, 0, 0, 0, 0, 1, 0, 0, 0, 0]
	b: [0.0, 0.0, 0.0, 0.0, 0.0, 0.0, 0.0, 0.0, 0.0, 0.0]
	h: [30.0, 23.795, 19.001, 14.024, 11.208, 5.291, 2.415, 0.079, 0.0, 0.0]
----------------------------
r: 9
Params
	D: [4.636, 5.74, 4.297, 4.708, 5.823, 4.431, 5.543, 3.099, 3.863, 5.298]
	W: [0.01, 0.502, 0.496, 0.134, 0.142, 0.219, 0.419, 0.248, 0.084, 0.345]
	W_P: [0.181, 0.33, 0.451, 0.551, 0.632, 0]
Solution
	x: [0.0, 0.0, 0.0, 0.0, 0.0, 0.0, 1.0, 2.64, 3.863, 5.298]
	z_PM: [0, 1, 0, 1, 0, 0, 0, 0, 0, 0]
	z_CM: [0, 0, 0, 0, 0, 0, 0, 0, 0, 0]
	s: [4, 4, 2, 2, 0, 0, 0, 0, 0, 1]
	z_P: [0, 0, 0, 0, 0, 0, 1, 1, 1, 1]
	z_W: [1, 1, 0, 1, 1, 0, 0, 0, 1, 0]
	b: [0.0, 0.0, 0.0, 0.0, 0.0, 0.0, 0.0, 0.0, 0.0, 0.0]
	h: [30.0, 24.26, 19.963, 15.256, 9.433, 5.002, 0.459, 0.0, 0.0, 0.0]
----------------------------
r: 10
Params
	D: [4.266, 4.109, 4.004, 3.825, 4.433, 5.203, 3.035, 5.028, 4.229, 4.445]
	W: [0.771, 0.021, 0.634, 0.749, 0.499, 0.225, 0.198, 0.761, 0.169, 0.088]
	W_P: [0.181, 0.33, 0.451, 0.551, 0.632, 0]
Solution
	x: [0.0, 0.0, 0.0, 0.0, 0.0, 0.0, 0.0, 0.0, 3.866, 4.445]
	z_PM: [0, 1, 0, 0, 1, 0, 1, 0, 0, 0]
	z_CM: [0, 0, 0, 0, 0, 0, 0, 0, 0, 0]
	s: [4, 4, 2, 2, 2, 1, 1, 0, 0, 1]
	z_P: [0, 0, 0, 0, 0, 0, 0, 0, 1, 1]
	z_W: [0, 1, 0, 0, 0, 1, 1, 0, 1, 1]
	b: [0.0, 0.0, 0.0, 0.0, 0.0, 0.0, 0.0, 0.0, 0.0, 0.0]
	h: [30.0, 25.891, 21.887, 18.062, 13.629, 8.426, 5.391, 0.362, 0.0, 0.0]
----------------------------
r: 11
Params
	D: [3.463, 4.315, 4.421, 2.934, 3.114, 3.524, 4.69, 4.561, 2.694, 2.881]
	W: [0.18, 0.019, 0.463, 0.725, 0.42, 0.485, 0.013, 0.487, 0.942, 0.851]
	W_P: [0.181, 0.33, 0.451, 0.551, 0.632, 0]
Solution
	x: [0.0, 0.0, 0.0, 0.0, 0.0, 0.0, 0.0, 0.0, 0.0, 3.135]
	z_PM: [0, 1, 0, 1, 0, 0, 0, 0, 0, 0]
	z_CM: [0, 0, 0, 0, 0, 0, 0, 0, 0, 0]
	s: [4, 4, 2, 2, 0, 0, 0, 0, 0, 0]
	z_P: [0, 0, 0, 0, 0, 0, 0, 0, 0, 1]
	z_W: [1, 1, 0, 0, 0, 0, 1, 0, 0, 0]
	b: [0.0, 0.0, 0.0, 0.0, 0.0, 0.0, 0.0, 0.0, 0.254, 0.0]
	h: [30.0, 25.685, 21.264, 18.329, 15.215, 11.691, 7.001, 2.44, 0.0, 0.0]
----------------------------
r: 12
Params
	D: [4.753, 2.465, 4.005, 3.88, 3.193, 6.872, 3.402, 4.472, 5.096, 2.785]
	W: [0.154, 0.74, 0.263, 0.534, 0.015, 0.919, 0.901, 0.033, 0.957, 0.137]
	W_P: [0.181, 0.33, 0.451, 0.551, 0.632, 0]
Solution
	x: [0.0, 0.0, 0.0, 0.0, 0.0, 0.0, 0.0, 0.0, 3.386, 2.785]
	z_PM: [0, 1, 0, 0, 1, 0, 0, 0, 0, 0]
	z_CM: [0, 0, 0, 0, 0, 0, 0, 0, 0, 0]
	s: [4, 4, 2, 2, 2, 0, 0, 0, 0, 0]
	z_P: [0, 0, 0, 0, 0, 0, 0, 0, 1, 1]
	z_W: [1, 0, 1, 0, 1, 0, 0, 1, 0, 1]
	b: [0.0, 0.0, 0.0, 0.0, 0.0, 0.0, 0.0, 0.0, 0.0, 0.0]
	h: [30.0, 27.535, 23.53, 19.65, 16.457, 9.585, 6.183, 1.71, 0.0, 0.0]
----------------------------
r: 13
Params
	D: [5.479, 2.955, 3.211, 2.738, 4.563, 3.757, 4.914, 4.317, 4.127, 6.15]
	W: [0.778, 0.238, 0.824, 0.966, 0.973, 0.453, 0.609, 0.776, 0.642, 0.722]
	W_P: [0.181, 0.33, 0.451, 0.551, 0.632, 0]
Solution
	x: [0.0, 0.0, 0.0, 0.0, 0.0, 0.0, 0.0, 0.0, 1.0, 5.732]
	z_PM: [0, 1, 0, 1, 0, 1, 0, 0, 0, 0]
	z_CM: [0, 0, 0, 0, 0, 0, 0, 0, 0, 0]
	s: [4, 4, 2, 2, 1, 1, 0, 0, 0, 0]
	z_P: [0, 0, 0, 0, 0, 0, 0, 0, 1, 1]
	z_W: [0, 1, 0, 0, 0, 0, 0, 0, 0, 0]
	b: [0.0, 0.0, 0.0, 0.0, 0.0, 0.0, 0.0, 0.0, 0.0, 0.0]
	h: [30.0, 27.045, 23.834, 21.096, 16.533, 12.776, 7.863, 3.545, 0.418, 0.0]
----------------------------
r: 14
Params
	D: [3.442, 5.085, 3.814, 4.015, 2.924, 4.642, 3.82, 4.62, 4.811, 4.778]
	W: [0.514, 0.773, 0.87, 0.008, 0.31, 0.958, 0.513, 0.318, 0.539, 0.221]
	W_P: [0.181, 0.33, 0.451, 0.551, 0.632, 0]
Solution
	x: [0.0, 0.0, 0.0, 0.0, 0.0, 0.0, 0.0, 0.0, 3.731, 4.778]
	z_PM: [0, 1, 0, 1, 0, 0, 0, 0, 0, 0]
	z_CM: [0, 0, 0, 0, 0, 0, 0, 0, 0, 0]
	s: [4, 4, 2, 2, 0, 0, 0, 0, 0, 0]
	z_P: [0, 0, 0, 0, 0, 0, 0, 0, 1, 1]
	z_W: [1, 0, 0, 1, 0, 0, 0, 0, 0, 0]
	b: [0.0, 0.0, 0.0, 0.0, 0.0, 0.0, 0.0, 0.0, 0.0, 0.0]
	h: [30.0, 24.915, 21.102, 17.087, 14.163, 9.52, 5.701, 1.08, 0.0, 0.0]
----------------------------
r: 15
Params
	D: [3.799, 4.355, 4.69, 4.411, 3.435, 4.599, 3.837, 5.6, 4.682, 4.015]
	W: [0.849, 0.179, 0.054, 0.362, 0.275, 0.53, 0.306, 0.304, 0.112, 0.25]
	W_P: [0.181, 0.33, 0.451, 0.551, 0.632, 0]
Solution
	x: [0.0, 0.0, 0.0, 0.0, 0.0, 0.0, 0.0, 1.0, 4.609, 4.015]
	z_PM: [0, 1, 0, 1, 0, 0, 0, 0, 0, 0]
	z_CM: [0, 0, 0, 0, 0, 0, 0, 0, 0, 0]
	s: [4, 4, 2, 2, 0, 0, 0, 0, 0, 1]
	z_P: [0, 0, 0, 0, 0, 0, 0, 1, 1, 1]
	z_W: [0, 1, 1, 1, 0, 0, 0, 0, 1, 1]
	b: [0.0, 0.0, 0.0, 0.0, 0.0, 0.0, 0.0, 0.0, 0.0, 0.0]
	h: [30.0, 25.645, 20.955, 16.545, 13.11, 8.51, 4.673, 0.073, 0.0, 0.0]
----------------------------
r: 16
Params
	D: [3.213, 4.119, 3.243, 4.493, 3.161, 2.985, 3.657, 5.884, 3.729, 2.548]
	W: [0.223, 0.523, 0.551, 0.046, 0.361, 0.223, 0.689, 0.164, 0.07, 0.941]
	W_P: [0.181, 0.33, 0.451, 0.551, 0.632, 0]
Solution
	x: [0.0, 0.0, 0.0, 0.0, 0.0, 0.0, 0.0, 0.0, 1.272, 2.548]
	z_PM: [0, 1, 0, 1, 0, 0, 0, 0, 0, 0]
	z_CM: [0, 0, 0, 0, 0, 0, 0, 0, 0, 0]
	s: [4, 4, 2, 2, 0, 0, 0, 0, 0, 1]
	z_P: [0, 0, 0, 0, 0, 0, 0, 0, 1, 1]
	z_W: [1, 1, 0, 1, 0, 0, 0, 1, 1, 0]
	b: [0.0, 0.0, 0.0, 0.0, 0.0, 0.0, 0.0, 0.0, 0.0, 0.0]
	h: [30.0, 25.881, 22.638, 18.145, 14.984, 11.999, 8.342, 2.457, 0.0, 0.0]
----------------------------
r: 17
Params
	D: [4.149, 3.562, 6.171, 5.152, 2.181, 3.862, 4.54, 2.225, 5.315, 3.527]
	W: [0.295, 0.531, 0.192, 0.068, 0.787, 0.656, 0.638, 0.576, 0.039, 0.358]
	W_P: [0.181, 0.33, 0.451, 0.551, 0.632, 0]
Solution
	x: [0.0, 0.0, 0.0, 0.0, 0.0, 0.0, 0.0, 0.0, 3.008, 3.527]
	z_PM: [0, 1, 0, 1, 0, 0, 0, 0, 0, 0]
	z_CM: [0, 0, 0, 0, 0, 0, 0, 0, 0, 0]
	s: [4, 4, 2, 2, 0, 0, 0, 0, 0, 1]
	z_P: [0, 0, 0, 0, 0, 0, 0, 0, 1, 1]
	z_W: [1, 1, 1, 1, 0, 0, 0, 0, 1, 0]
	b: [0.0, 0.0, 0.0, 0.0, 0.0, 0.0, 0.0, 0.0, 0.0, 0.0]
	h: [30.0, 26.438, 20.267, 15.114, 12.933, 9.071, 4.531, 2.307, 0.0, 0.0]
----------------------------
r: 18
Params
	D: [5.009, 4.394, 3.664, 3.354, 4.805, 4.416, 4.575, 2.898, 3.005, 5.346]
	W: [0.65, 0.505, 0.879, 0.182, 0.852, 0.75, 0.666, 0.988, 0.257, 0.028]
	W_P: [0.181, 0.33, 0.451, 0.551, 0.632, 0]
Solution
	x: [0.0, 0.0, 0.0, 0.0, 0.0, 0.0, 0.0, 0.0, 1.112, 5.346]
	z_PM: [0, 1, 0, 1, 0, 0, 0, 0, 0, 0]
	z_CM: [0, 0, 0, 0, 0, 0, 0, 0, 0, 0]
	s: [4, 4, 2, 2, 0, 0, 0, 0, 0, 0]
	z_P: [0, 0, 0, 0, 0, 0, 0, 0, 1, 1]
	z_W: [0, 1, 0, 1, 0, 0, 0, 0, 0, 1]
	b: [0.0, 0.0, 0.0, 0.0, 0.0, 0.0, 0.0, 0.0, 0.0, 0.0]
	h: [30.0, 25.606, 21.942, 18.588, 13.783, 9.366, 4.792, 1.893, 0.0, 0.0]
----------------------------
r: 19
Params
	D: [4.252, 2.537, 2.452, 4.265, 3.999, 2.984, 4.112, 2.808, 5.556, 3.067]
	W: [0.098, 0.761, 0.247, 0.138, 0.331, 0.083, 0.672, 0.807, 0.983, 0.636]
	W_P: [0.181, 0.33, 0.451, 0.551, 0.632, 0]
Solution
	x: [0.0, 0.0, 0.0, 0.0, 0.0, 0.0, 0.0, 0.0, 0.0, 1.78]
	z_PM: [0, 0, 0, 0, 0, 0, 0, 0, 0, 0]
	z_CM: [0, 0, 0, 0, 0, 0, 0, 0, 0, 0]
	s: [4, 4, 4, 4, 4, 4, 4, 4, 4, 4]
	z_P: [0, 0, 0, 0, 0, 0, 0, 0, 0, 1]
	z_W: [1, 0, 1, 1, 1, 1, 0, 0, 0, 0]
	b: [0.0, 0.0, 0.0, 0.0, 0.0, 0.0, 0.0, 0.0, 0.0, 0.0]
	h: [30.0, 27.463, 25.011, 20.746, 16.747, 13.763, 9.651, 6.842, 1.287, 0.0]
----------------------------
====================================
2021-06-20 00:06:02.124634
r: 0
Params
	D: [2.294, 5.951, 3.49, 3.562, 2.747, 4.777, 2.386, 3.787, 3.105, 4.387, 3.489, 2.819, 3.972, 4.428, 4.067, 4.302, 3.366, 3.637, 3.328, 3.64, 3.187, 2.274, 4.177, 3.598, 2.37, 4.463, 3.093, 4.052, 4.729, 4.129, 5.139, 2.765, 4.402, 3.315, 3.129, 3.421, 3.688, 4.056, 2.835, 4.901, 4.466, 2.464, 5.488, 5.896, 5.179, 3.82, 2.929, 5.054, 3.597, 5.222]
	W: [0.549, 0.715, 0.603, 0.545, 0.424, 0.646, 0.438, 0.892, 0.964, 0.383, 0.792, 0.529, 0.568, 0.926, 0.071, 0.087, 0.02, 0.833, 0.778, 0.87, 0.979, 0.799, 0.461, 0.781, 0.118, 0.64, 0.143, 0.945, 0.522, 0.415, 0.265, 0.774, 0.456, 0.568, 0.019, 0.618, 0.612, 0.617, 0.944, 0.682, 0.36, 0.437, 0.698, 0.06, 0.667, 0.671, 0.21, 0.129, 0.315, 0.364]
	W_P: [0.181, 0.33, 0.451, 0.551, 0.632, 0]
Solution
	x: [0.0, 0.0, 0.0, 0.0, 0.0, 0.0, 0.0, 0.0, 0.0, 4.193, 3.489, 2.819, 3.972, 4.428, 4.067, 7.668, 0.0, 0.0, 6.965, 3.64, 3.187, 2.274, 4.177, 5.968, 0.0, 7.555, 0.0, 4.052, 4.729, 4.129, 5.139, 2.765, 4.402, 6.444, 0.0, 3.421, 3.688, 4.056, 2.835, 4.901, 4.466, 2.464, 5.488, 5.896, 5.179, 6.749, 0.0, 5.054, 4.819, 4.0]
	z_PM: [0, 1, 0, 1, 0, 0, 0, 0, 0, 0, 0, 0, 0, 0, 0, 0, 0, 0, 0, 0, 0, 0, 0, 0, 0, 0, 0, 0, 0, 0, 0, 0, 0, 0, 0, 0, 0, 0, 0, 0, 0, 0, 0, 0, 0, 0, 0, 0, 0, 0]
	z_CM: [0, 0, 0, 0, 0, 0, 0, 0, 0, 0, 0, 0, 0, 0, 0, 0, 0, 0, 0, 0, 0, 0, 0, 0, 0, 0, 0, 0, 0, 0, 0, 0, 0, 0, 0, 0, 0, 0, 0, 0, 0, 0, 0, 0, 0, 0, 0, 0, 0, 0]
	s: [4, 4, 2, 2, 0, 0, 0, 0, 0, 0, 0, 0, 0, 0, 0, 1, 2, 0, 0, 0, 0, 0, 0, 0, 0, 0, 0, 0, 0, 0, 0, 0, 0, 0, 0, 0, 0, 0, 0, 0, 0, 0, 0, 0, 1, 1, 1, 1, 2, 3]
	z_P: [0, 0, 0, 0, 0, 0, 0, 0, 0, 1, 1, 1, 1, 1, 1, 1, 0, 0, 1, 0, 1, 1, 1, 1, 0, 1, 0, 1, 1, 1, 1, 1, 1, 1, 0, 1, 1, 1, 1, 1, 1, 1, 1, 1, 1, 1, 0, 1, 1, 1]
	z_W: [1, 0, 0, 0, 0, 0, 0, 0, 0, 0, 0, 0, 0, 0, 1, 1, 1, 0, 0, 0, 0, 0, 0, 0, 1, 0, 1, 0, 0, 0, 0, 0, 0, 0, 1, 0, 0, 0, 0, 0, 0, 0, 0, 1, 0, 0, 1, 1, 1, 1]
	b: [0.0, 0.0, 0.0, 0.0, 0.0, 0.0, 0.0, 0.0, 0.0, 0.0, 0.0, 0.0, 0.0, 0.0, 0.0, 0.0, 0.0, 3.637, 0.0, 0.0, 0.0, 0.0, 0.0, 0.0, 0.0, 0.0, 0.0, 0.0, 0.0, 0.0, 0.0, 0.0, 0.0, 0.0, 0.0, 0.0, 0.0, 0.0, 0.0, 0.0, 0.0, 0.0, 0.0, 0.0, 0.0, 0.0, 0.0, 0.0, 0.0, 0.0]
	h: [30.0, 24.049, 20.559, 16.997, 14.25, 9.472, 7.086, 3.299, 0.194, 0.0, 0.0, 0.0, 0.0, 0.0, 0.0, 3.366, 0.0, 0.0, 0.0, 0.0, 0.0, 0.0, 0.0, 2.37, 0.0, 3.093, 0.0, 0.0, 0.0, 0.0, 0.0, 0.0, 0.0, 3.129, 0.0, 0.0, 0.0, 0.0, 0.0, 0.0, 0.0, 0.0, 0.0, 0.0, 0.0, 2.929, 0.0, 0.0, 1.222, 0.0]
----------------------------
r: 1
Params
	D: [3.313, 3.155, 3.329, 3.987, 2.883, 4.234, 5.66, 4.742, 3.808, 3.112, 3.253, 5.692, 4.051, 3.363, 4.191, 6.1, 4.12, 4.617, 4.3, 3.648, 2.857, 3.651, 3.791, 4.587, 4.839, 4.931, 4.286, 4.885, 3.246, 5.253, 4.513, 3.702, 4.489, 3.924, 5.132, 5.52, 6.186, 2.604, 2.556, 3.496, 4.16, 4.876, 4.316, 1.978, 3.694, 4.828, 4.23, 4.762, 3.778, 3.799]
	W: [0.417, 0.72, 0.0, 0.302, 0.147, 0.092, 0.186, 0.346, 0.397, 0.539, 0.419, 0.685, 0.204, 0.878, 0.027, 0.67, 0.417, 0.559, 0.14, 0.198, 0.801, 0.968, 0.313, 0.692, 0.876, 0.895, 0.085, 0.039, 0.17, 0.878, 0.098, 0.421, 0.958, 0.533, 0.692, 0.316, 0.687, 0.835, 0.018, 0.75, 0.989, 0.748, 0.28, 0.789, 0.103, 0.448, 0.909, 0.294, 0.288, 0.13]
	W_P: [0.181, 0.33, 0.451, 0.551, 0.632, 0]
Solution
	x: [0.0, 0.0, 0.0, 0.0, 0.0, 0.0, 0.0, 0.0, 1.798, 3.112, 3.253, 5.692, 4.051, 3.363, 4.191, 6.1, 4.12, 4.617, 7.948, 0.0, 0.0, 6.508, 3.791, 4.587, 4.839, 4.931, 9.171, 0.0, 0.0, 8.498, 4.513, 3.702, 4.489, 3.924, 5.132, 5.705, 6.0, 5.159, 0.0, 0.0, 7.656, 4.876, 4.316, 1.978, 3.694, 4.828, 4.23, 4.762, 3.778, 3.799]
	z_PM: [0, 1, 0, 1, 0, 0, 1, 0, 0, 0, 0, 0, 0, 0, 0, 0, 0, 0, 0, 1, 0, 0, 0, 0, 0, 0, 0, 1, 0, 0, 0, 0, 0, 0, 0, 0, 0, 0, 1, 0, 0, 0, 0, 0, 0, 0, 0, 0, 0, 0]
	z_CM: [0, 0, 0, 0, 0, 0, 0, 0, 0, 0, 0, 0, 0, 0, 0, 0, 0, 0, 0, 0, 0, 0, 0, 0, 0, 0, 0, 0, 0, 0, 0, 0, 0, 0, 0, 0, 0, 0, 0, 0, 0, 0, 0, 0, 0, 0, 0, 0, 0, 0]
	s: [4, 4, 2, 2, 0, 0, 0, 0, 0, 0, 0, 0, 0, 0, 0, 1, 1, 1, 1, 1, 0, 0, 0, 0, 0, 0, 0, 1, 0, 0, 0, 1, 1, 1, 1, 1, 2, 2, 2, 0, 0, 0, 0, 0, 0, 1, 1, 1, 2, 3]
	z_P: [0, 0, 0, 0, 0, 0, 0, 0, 1, 1, 1, 1, 1, 1, 1, 1, 1, 1, 1, 0, 0, 1, 1, 1, 1, 1, 1, 0, 0, 1, 1, 1, 1, 1, 1, 1, 1, 1, 0, 0, 1, 1, 1, 1, 1, 1, 1, 1, 1, 1]
	z_W: [1, 0, 1, 1, 1, 1, 0, 0, 0, 0, 0, 0, 0, 0, 1, 0, 0, 0, 1, 1, 0, 0, 0, 0, 0, 0, 1, 1, 1, 0, 1, 0, 0, 0, 0, 1, 0, 0, 1, 0, 0, 0, 0, 0, 1, 0, 0, 1, 1, 1]
	b: [0.0, 0.0, 0.0, 0.0, 0.0, 0.0, 0.0, 0.0, 0.0, 0.0, 0.0, 0.0, 0.0, 0.0, 0.0, 0.0, 0.0, 0.0, 0.0, 0.0, 2.857, 0.0, 0.0, 0.0, 0.0, 0.0, 0.0, 0.0, 3.246, 0.0, 0.0, 0.0, 0.0, 0.0, 0.0, 0.0, 0.0, 0.0, 0.0, 3.496, 0.0, 0.0, 0.0, 0.0, 0.0, 0.0, 0.0, 0.0, 0.0, 0.0]
	h: [30.0, 26.845, 23.516, 19.529, 16.646, 12.412, 6.752, 2.01, 0.0, 0.0, 0.0, 0.0, 0.0, 0.0, 0.0, 0.0, 0.0, 0.0, 3.648, 0.0, 0.0, 0.0, 0.0, 0.0, 0.0, 0.0, 4.885, 0.0, 0.0, 0.0, 0.0, 0.0, 0.0, 0.0, 0.0, 0.186, 0.0, 2.556, 0.0, 0.0, 0.0, 0.0, 0.0, 0.0, 0.0, 0.0, 0.0, 0.0, 0.0, 0.0]
----------------------------
r: 2
Params
	D: [3.171, 4.088, 5.0, 3.619, 3.624, 3.926, 4.433, 5.278, 3.365, 4.508, 4.216, 2.141, 3.581, 3.868, 3.96, 4.326, 1.96, 4.046, 3.322, 2.561, 4.524, 4.735, 3.347, 4.842, 3.618, 4.066, 2.901, 5.584, 1.341, 3.909, 4.695, 1.967, 3.811, 3.923, 4.825, 5.248, 3.596, 2.615, 5.367, 5.218, 3.538, 4.351, 4.382, 4.566, 4.204, 5.407, 2.262, 5.041, 4.38, 3.783]
	W: [0.436, 0.026, 0.55, 0.435, 0.42, 0.33, 0.205, 0.619, 0.3, 0.267, 0.621, 0.529, 0.135, 0.514, 0.184, 0.785, 0.854, 0.494, 0.847, 0.08, 0.505, 0.065, 0.428, 0.097, 0.127, 0.597, 0.226, 0.107, 0.22, 0.35, 0.468, 0.202, 0.64, 0.483, 0.505, 0.387, 0.794, 0.58, 0.162, 0.701, 0.965, 0.5, 0.89, 0.342, 0.567, 0.428, 0.437, 0.777, 0.536, 0.954]
	W_P: [0.181, 0.33, 0.451, 0.551, 0.632, 0]
Solution
	x: [0.0, 0.0, 0.0, 0.0, 0.0, 0.0, 0.0, 0.0, 3.334, 4.508, 4.216, 5.722, 0.0, 3.868, 3.96, 4.326, 1.96, 4.046, 5.883, 0.0, 4.524, 4.924, 8.0, 0.0, 0.0, 7.685, 8.486, 0.0, 1.341, 3.909, 4.695, 1.967, 3.811, 3.923, 4.825, 5.248, 3.596, 2.615, 5.367, 5.218, 3.538, 4.351, 4.382, 4.566, 4.204, 5.407, 2.262, 5.041, 4.38, 3.783]
	z_PM: [0, 1, 0, 1, 0, 0, 0, 0, 0, 0, 0, 0, 0, 0, 0, 0, 0, 0, 0, 0, 0, 0, 0, 1, 0, 0, 0, 0, 0, 0, 0, 0, 0, 0, 0, 0, 0, 0, 0, 0, 0, 0, 0, 0, 0, 0, 0, 0, 0, 0]
	z_CM: [0, 0, 0, 0, 0, 0, 0, 0, 0, 0, 0, 0, 0, 0, 0, 0, 0, 0, 0, 0, 0, 0, 0, 0, 0, 0, 0, 0, 0, 0, 0, 0, 0, 0, 0, 0, 0, 0, 0, 0, 0, 0, 0, 0, 0, 0, 0, 0, 0, 0]
	s: [4, 4, 2, 2, 0, 0, 0, 0, 0, 0, 0, 0, 0, 0, 0, 0, 0, 0, 0, 0, 0, 0, 1, 1, 0, 0, 0, 0, 0, 0, 0, 0, 0, 0, 0, 0, 0, 0, 0, 1, 1, 1, 1, 0, 0, 1, 1, 1, 1, 1]
	z_P: [0, 0, 0, 0, 0, 0, 0, 0, 1, 1, 1, 1, 0, 1, 1, 1, 1, 1, 1, 0, 1, 1, 1, 0, 0, 1, 1, 0, 1, 1, 1, 1, 1, 1, 1, 1, 1, 1, 1, 1, 1, 1, 1, 1, 1, 1, 1, 1, 1, 1]
	z_W: [1, 1, 0, 1, 0, 0, 0, 0, 0, 0, 0, 0, 1, 0, 0, 0, 0, 0, 0, 1, 0, 1, 0, 1, 1, 0, 0, 1, 0, 0, 0, 0, 0, 0, 0, 0, 0, 0, 1, 0, 0, 0, 0, 0, 0, 0, 0, 0, 0, 0]
	b: [0.0, 0.0, 0.0, 0.0, 0.0, 0.0, 0.0, 0.0, 0.0, 0.0, 0.0, 0.0, 0.0, 0.0, 0.0, 0.0, 0.0, 0.0, 0.0, 0.0, 0.0, 0.0, 0.0, 0.0, 3.618, 0.0, 0.0, 0.0, 0.0, 0.0, 0.0, 0.0, 0.0, 0.0, 0.0, 0.0, 0.0, 0.0, 0.0, 0.0, 0.0, 0.0, 0.0, 0.0, 0.0, 0.0, 0.0, 0.0, 0.0, 0.0]
	h: [30.0, 25.912, 20.912, 17.293, 13.669, 9.743, 5.31, 0.031, 0.0, 0.0, 0.0, 3.581, 0.0, 0.0, 0.0, 0.0, 0.0, 0.0, 2.561, 0.0, 0.0, 0.189, 4.842, 0.0, 0.0, 0.0, 5.584, 0.0, 0.0, 0.0, 0.0, 0.0, 0.0, 0.0, 0.0, 0.0, 0.0, 0.0, 0.0, 0.0, 0.0, 0.0, 0.0, 0.0, 0.0, 0.0, 0.0, 0.0, 0.0, 0.0]
----------------------------
r: 3
Params
	D: [3.403, 3.411, 3.126, 4.03, 1.752, 3.732, 5.013, 4.853, 5.108, 5.119, 5.488, 2.882, 4.846, 2.139, 3.397, 2.086, 5.048, 5.334, 3.803, 5.775, 3.325, 4.151, 4.153, 2.936, 4.438, 5.939, 2.975, 4.899, 3.845, 5.77, 4.484, 4.676, 4.643, 4.249, 2.604, 5.392, 2.629, 4.239, 4.614, 3.162, 4.145, 5.168, 3.976, 3.111, 1.084, 3.028, 3.409, 3.484, 3.04, 4.377]
	W: [0.551, 0.708, 0.291, 0.511, 0.893, 0.896, 0.126, 0.207, 0.051, 0.441, 0.03, 0.457, 0.649, 0.278, 0.676, 0.591, 0.024, 0.559, 0.259, 0.415, 0.284, 0.693, 0.44, 0.157, 0.545, 0.78, 0.306, 0.222, 0.388, 0.936, 0.976, 0.672, 0.903, 0.846, 0.378, 0.092, 0.653, 0.558, 0.362, 0.225, 0.407, 0.469, 0.269, 0.292, 0.458, 0.861, 0.586, 0.283, 0.278, 0.455]
	W_P: [0.181, 0.33, 0.451, 0.551, 0.632, 0]
Solution
	x: [0.0, 0.0, 0.0, 0.0, 0.0, 0.0, 0.0, 1.025, 0.0, 5.119, 5.488, 2.882, 4.846, 2.139, 5.865, 0.0, 0.0, 10.0, 3.803, 5.775, 3.325, 4.151, 7.089, 0.0, 4.438, 5.939, 2.975, 4.899, 3.845, 5.77, 4.484, 4.676, 4.643, 4.249, 7.996, 0.0, 2.629, 4.239, 4.614, 3.162, 4.145, 5.168, 3.976, 3.111, 1.084, 3.028, 3.409, 3.484, 3.04, 4.377]
	z_PM: [0, 1, 0, 0, 1, 0, 0, 0, 0, 0, 0, 0, 0, 0, 0, 1, 0, 0, 0, 0, 0, 0, 0, 0, 0, 0, 0, 0, 0, 0, 0, 0, 0, 0, 0, 0, 0, 0, 0, 0, 0, 0, 0, 0, 0, 0, 0, 0, 0, 0]
	z_CM: [0, 0, 0, 0, 0, 0, 0, 0, 0, 0, 0, 0, 0, 0, 0, 0, 0, 0, 0, 0, 0, 0, 0, 0, 0, 0, 0, 0, 0, 0, 0, 0, 0, 0, 0, 0, 0, 0, 0, 0, 0, 0, 0, 0, 0, 0, 0, 0, 0, 0]
	s: [4, 4, 2, 2, 2, 0, 0, 0, 0, 0, 0, 1, 1, 1, 2, 2, 0, 0, 0, 0, 0, 0, 0, 0, 0, 0, 0, 0, 0, 0, 0, 0, 0, 0, 0, 0, 0, 0, 0, 0, 0, 0, 0, 0, 0, 0, 0, 0, 0, 0]
	z_P: [0, 0, 0, 0, 0, 0, 0, 1, 0, 1, 1, 1, 1, 1, 1, 0, 0, 1, 1, 1, 1, 1, 1, 0, 1, 1, 1, 1, 1, 1, 1, 1, 1, 1, 1, 0, 1, 1, 1, 1, 1, 1, 1, 1, 1, 1, 1, 1, 1, 1]
	z_W: [1, 0, 1, 0, 0, 0, 1, 0, 1, 0, 1, 0, 0, 1, 0, 0, 1, 0, 0, 0, 0, 0, 0, 1, 0, 0, 0, 0, 0, 0, 0, 0, 0, 0, 0, 1, 0, 0, 0, 0, 0, 0, 0, 0, 0, 0, 0, 0, 0, 0]
	b: [0.0, 0.0, 0.0, 0.0, 0.0, 0.0, 0.0, 0.0, 0.0, 0.0, 0.0, 0.0, 0.0, 0.0, 0.0, 0.0, 4.666, 0.0, 0.0, 0.0, 0.0, 0.0, 0.0, 0.0, 0.0, 0.0, 0.0, 0.0, 0.0, 0.0, 0.0, 0.0, 0.0, 0.0, 0.0, 0.0, 0.0, 0.0, 0.0, 0.0, 0.0, 0.0, 0.0, 0.0, 0.0, 0.0, 0.0, 0.0, 0.0, 0.0]
	h: [30.0, 26.589, 23.462, 19.433, 17.681, 13.949, 8.936, 5.108, 0.0, 0.0, 0.0, 0.0, 0.0, 0.0, 2.467, 0.382, 0.0, 0.0, 0.0, 0.0, 0.0, 0.0, 2.936, 0.0, 0.0, 0.0, 0.0, 0.0, 0.0, 0.0, 0.0, 0.0, 0.0, 0.0, 5.392, 0.0, 0.0, 0.0, 0.0, 0.0, 0.0, 0.0, 0.0, 0.0, 0.0, 0.0, 0.0, 0.0, 0.0, 0.0]
----------------------------
r: 4
Params
	D: [3.724, 4.797, 2.856, 4.51, 2.653, 3.991, 3.869, 4.802, 3.697, 5.202, 3.803, 4.837, 4.787, 2.159, 4.038, 4.036, 3.221, 4.179, 2.544, 4.556, 4.51, 4.3, 6.477, 4.352, 4.067, 3.268, 4.297, 3.038, 5.272, 3.352, 4.158, 5.99, 5.164, 4.243, 5.38, 3.945, 4.795, 4.019, 3.095, 4.43, 4.935, 3.654, 2.903, 3.472, 1.62, 3.392, 2.925, 6.022, 3.435, 2.457]
	W: [0.967, 0.547, 0.973, 0.715, 0.698, 0.216, 0.976, 0.006, 0.253, 0.435, 0.779, 0.198, 0.863, 0.983, 0.164, 0.597, 0.009, 0.387, 0.044, 0.957, 0.436, 0.949, 0.786, 0.866, 0.173, 0.075, 0.601, 0.168, 0.733, 0.408, 0.528, 0.938, 0.522, 0.108, 0.158, 0.545, 0.524, 0.638, 0.401, 0.65, 0.397, 0.624, 0.767, 0.179, 0.376, 0.503, 0.687, 0.254, 0.555, 0.625]
	W_P: [0.181, 0.33, 0.451, 0.551, 0.632, 0]
Solution
	x: [0.0, 0.0, 0.0, 0.0, 0.0, 0.0, 0.0, 0.0, 1.174, 5.202, 3.803, 4.837, 4.787, 2.159, 4.038, 4.036, 7.401, 0.0, 0.0, 7.101, 4.51, 4.3, 6.477, 4.352, 4.067, 7.565, 0.0, 0.0, 8.31, 3.352, 4.158, 5.99, 9.407, 0.0, 5.38, 3.945, 4.795, 4.019, 3.095, 4.43, 4.935, 3.654, 2.903, 5.092, -0.0, 3.392, 2.947, 6.0, 3.435, 2.457]
	z_PM: [0, 1, 0, 0, 1, 0, 1, 0, 0, 0, 0, 0, 0, 0, 0, 0, 0, 1, 0, 0, 0, 0, 0, 0, 0, 0, 1, 0, 0, 0, 0, 0, 0, 0, 0, 0, 0, 0, 0, 0, 0, 0, 0, 0, 0, 0, 0, 0, 0, 0]
	z_CM: [0, 0, 0, 0, 0, 0, 0, 0, 0, 0, 0, 0, 0, 0, 0, 0, 0, 0, 0, 0, 0, 0, 0, 0, 0, 0, 0, 0, 0, 0, 0, 0, 0, 0, 0, 0, 0, 0, 0, 0, 0, 0, 0, 0, 0, 0, 0, 0, 0, 0]
	s: [4, 4, 2, 2, 2, 0, 0, 0, 0, 0, 0, 0, 0, 0, 0, 1, 1, 2, 0, 0, 0, 0, 0, 0, 0, 0, 2, 0, 0, 0, 0, 0, 0, 0, 0, 1, 1, 0, 1, 1, 1, 0, 0, 0, 2, 2, 1, 2, 2, 3]
	z_P: [0, 0, 0, 0, 0, 0, 0, 0, 1, 1, 1, 1, 1, 1, 1, 1, 1, 0, 0, 1, 1, 1, 1, 1, 1, 1, 0, 0, 1, 1, 1, 1, 1, 0, 1, 1, 1, 1, 1, 1, 1, 1, 1, 1, 0, 1, 1, 1, 1, 1]
	z_W: [0, 1, 0, 0, 0, 0, 0, 1, 0, 0, 0, 0, 0, 0, 1, 0, 1, 1, 1, 0, 0, 0, 0, 0, 1, 1, 0, 1, 0, 0, 0, 0, 0, 1, 1, 0, 0, 0, 0, 0, 0, 0, 0, 1, 1, 0, 0, 1, 0, 0]
	b: [0.0, 0.0, 0.0, 0.0, 0.0, 0.0, 0.0, 0.0, 0.0, 0.0, 0.0, 0.0, 0.0, 0.0, 0.0, 0.0, 0.0, 0.0, 2.544, 0.0, 0.0, 0.0, 0.0, 0.0, 0.0, 0.0, 0.0, 3.038, 0.0, 0.0, 0.0, 0.0, 0.0, 0.0, 0.0, 0.0, 0.0, 0.0, 0.0, 0.0, 0.0, 0.0, 0.0, 0.0, 0.0, 0.0, 0.0, 0.0, 0.0, 0.0]
	h: [30.0, 25.203, 22.347, 17.837, 15.185, 11.194, 7.325, 2.523, 0.0, 0.0, 0.0, 0.0, 0.0, 0.0, 0.0, 0.0, 4.179, 0.0, 0.0, 0.0, 0.0, 0.0, 0.0, 0.0, 0.0, 4.297, 0.0, 0.0, 0.0, 0.0, 0.0, 0.0, 4.243, 0.0, 0.0, 0.0, 0.0, 0.0, 0.0, 0.0, 0.0, 0.0, 0.0, 1.62, 0.0, 0.0, 0.022, 0.0, 0.0, 0.0]
----------------------------
r: 5
Params
	D: [3.913, 5.562, 3.694, 3.522, 4.101, 4.355, 4.27, 5.292, 5.139, 4.494, 3.664, 3.899, 5.413, 4.221, 2.689, 3.31, 3.422, 5.152, 3.893, 6.26, 4.657, 4.125, 3.564, 4.972, 3.759, 3.176, 4.568, 4.013, 5.189, 3.926, 1.14, 4.789, 2.122, 5.539, 5.821, 3.573, 2.835, 2.603, 4.873, 3.798, 3.402, 3.757, 6.089, 4.347, 4.746, 4.777, 5.018, 5.061, 3.29, 3.785]
	W: [0.222, 0.871, 0.207, 0.919, 0.488, 0.612, 0.766, 0.518, 0.297, 0.188, 0.081, 0.738, 0.441, 0.158, 0.88, 0.274, 0.414, 0.296, 0.629, 0.58, 0.6, 0.266, 0.285, 0.254, 0.328, 0.144, 0.166, 0.964, 0.96, 0.188, 0.024, 0.205, 0.7, 0.78, 0.023, 0.578, 0.002, 0.515, 0.64, 0.986, 0.259, 0.802, 0.87, 0.923, 0.002, 0.469, 0.981, 0.399, 0.814, 0.546]
	W_P: [0.181, 0.33, 0.451, 0.551, 0.632, 0]
Solution
	x: [0.0, 0.0, 0.0, 0.0, 0.0, 0.0, 0.0, 1.0, 4.935, 8.158, 0.0, 3.899, 9.635, 0.0, 2.689, 3.31, 3.422, 5.152, 3.893, 6.26, 4.657, 4.125, 3.564, 4.972, 3.759, 3.176, 5.696, 6.0, 6.0, 0.0, 0.0, 5.93, 2.122, 5.539, 5.821, 6.408, 0.0, 2.603, 4.873, 7.2, 0.0, 3.757, 6.089, 4.347, 4.746, 4.777, 5.018, 5.061, 3.29, 3.785]
	z_PM: [0, 1, 0, 0, 1, 0, 0, 0, 0, 0, 0, 0, 0, 0, 0, 0, 0, 0, 0, 0, 0, 0, 0, 0, 0, 0, 0, 0, 0, 1, 0, 0, 0, 0, 0, 0, 0, 0, 0, 0, 0, 0, 0, 0, 0, 0, 0, 0, 0, 0]
	z_CM: [0, 0, 0, 0, 0, 0, 0, 0, 0, 0, 0, 0, 0, 0, 0, 0, 0, 0, 0, 0, 0, 0, 0, 0, 0, 0, 0, 0, 0, 0, 0, 0, 0, 0, 0, 0, 0, 0, 0, 0, 0, 0, 0, 0, 0, 0, 0, 0, 0, 0]
	s: [4, 4, 2, 2, 2, 0, 0, 0, 0, 0, 0, 0, 0, 0, 0, 0, 0, 0, 0, 0, 0, 0, 0, 0, 0, 0, 1, 2, 2, 2, 0, 0, 0, 0, 0, 1, 1, 1, 1, 1, 1, 1, 1, 1, 1, 2, 2, 2, 3, 3]
	z_P: [0, 0, 0, 0, 0, 0, 0, 1, 1, 1, 0, 1, 1, 0, 1, 1, 1, 1, 1, 1, 1, 1, 1, 1, 1, 1, 1, 1, 1, 0, 0, 1, 1, 1, 1, 1, 0, 1, 1, 1, 0, 1, 1, 1, 1, 1, 1, 1, 1, 1]
	z_W: [1, 0, 1, 0, 0, 0, 0, 0, 0, 0, 1, 0, 0, 1, 0, 0, 0, 0, 0, 0, 0, 0, 0, 0, 0, 1, 1, 0, 0, 1, 1, 0, 0, 0, 1, 0, 1, 0, 0, 0, 1, 0, 0, 0, 1, 0, 0, 1, 0, 1]
	b: [0.0, 0.0, 0.0, 0.0, 0.0, 0.0, 0.0, 0.0, 0.0, 0.0, 0.0, 0.0, 0.0, 0.0, 0.0, 0.0, 0.0, 0.0, 0.0, 0.0, 0.0, 0.0, 0.0, 0.0, 0.0, 0.0, 0.0, 0.0, 0.0, 0.0, 1.14, 0.0, 0.0, 0.0, 0.0, 0.0, 0.0, 0.0, 0.0, 0.0, 0.0, 0.0, 0.0, 0.0, 0.0, 0.0, 0.0, 0.0, 0.0, 0.0]
	h: [30.0, 24.438, 20.744, 17.222, 13.121, 8.766, 4.496, 0.204, 0.0, 3.664, 0.0, 0.0, 4.221, 0.0, 0.0, 0.0, 0.0, 0.0, 0.0, 0.0, 0.0, 0.0, 0.0, 0.0, 0.0, 0.0, 1.128, 3.115, 3.926, 0.0, 0.0, 0.0, 0.0, 0.0, 0.0, 2.835, 0.0, 0.0, 0.0, 3.402, 0.0, 0.0, 0.0, 0.0, 0.0, 0.0, 0.0, 0.0, 0.0, 0.0]
----------------------------
r: 6
Params
	D: [3.22, 4.956, 3.873, 2.631, 5.218, 3.142, 3.439, 2.966, 4.359, 5.074, 3.624, 4.396, 3.529, 6.337, 5.503, 3.405, 4.528, 4.94, 4.426, 3.242, 3.838, 4.727, 4.444, 3.143, 4.447, 2.985, 1.868, 4.174, 4.951, 4.442, 5.469, 5.75, 4.354, 3.357, 3.953, 2.551, 3.964, 3.909, 4.176, 5.095, 1.874, 4.751, 3.459, 4.793, 4.174, 2.965, 4.874, 3.26, 4.523, 3.408]
	W: [0.893, 0.332, 0.821, 0.042, 0.108, 0.595, 0.53, 0.419, 0.335, 0.623, 0.438, 0.736, 0.518, 0.579, 0.645, 0.99, 0.82, 0.413, 0.876, 0.824, 0.054, 0.719, 0.802, 0.736, 0.709, 0.541, 0.125, 0.958, 0.403, 0.217, 0.717, 0.994, 0.256, 0.671, 0.599, 0.717, 0.937, 0.352, 0.254, 0.402, 0.747, 0.724, 0.406, 0.989, 0.45, 0.374, 0.71, 0.082, 0.398, 0.771]
	W_P: [0.181, 0.33, 0.451, 0.551, 0.632, 0]
Solution
	x: [0.0, 0.0, 0.0, 0.0, 0.0, 0.0, 0.0, 0.0, 1.0, 4.659, 3.624, 4.396, 3.529, 6.337, 5.503, 3.405, 4.528, 4.94, 4.426, 7.079, 0.0, 4.727, 4.444, 3.143, 4.447, 4.853, 0.0, 4.174, 4.951, 4.442, 5.469, 5.75, 4.354, 3.357, 3.953, 2.551, 3.964, 3.909, 4.176, 5.095, 1.874, 4.751, 3.459, 4.793, 4.174, 2.965, 4.874, 3.26, 4.523, 3.408]
	z_PM: [0, 1, 0, 1, 0, 0, 0, 0, 0, 0, 0, 0, 0, 0, 0, 0, 0, 0, 0, 0, 0, 0, 0, 0, 0, 0, 0, 0, 0, 0, 0, 0, 0, 0, 0, 0, 0, 0, 0, 0, 0, 0, 0, 0, 0, 0, 0, 0, 0, 0]
	z_CM: [0, 0, 0, 0, 0, 0, 0, 0, 0, 0, 0, 0, 0, 0, 0, 0, 0, 0, 0, 0, 0, 0, 0, 0, 0, 0, 0, 0, 0, 0, 0, 0, 0, 0, 0, 0, 0, 0, 0, 0, 0, 0, 0, 0, 0, 0, 0, 0, 0, 0]
	s: [4, 4, 2, 2, 0, 0, 0, 0, 0, 0, 0, 0, 0, 0, 0, 0, 0, 0, 0, 0, 0, 0, 0, 0, 0, 0, 0, 0, 0, 0, 0, 0, 0, 0, 0, 0, 0, 0, 0, 0, 0, 0, 0, 0, 0, 0, 0, 0, 1, 1]
	z_P: [0, 0, 0, 0, 0, 0, 0, 0, 1, 1, 1, 1, 1, 1, 1, 1, 1, 1, 1, 1, 0, 1, 1, 1, 1, 1, 0, 1, 1, 1, 1, 1, 1, 1, 1, 1, 1, 1, 1, 1, 1, 1, 1, 1, 1, 1, 1, 1, 1, 1]
	z_W: [0, 1, 0, 1, 1, 0, 0, 0, 0, 0, 0, 0, 0, 0, 0, 0, 0, 0, 0, 0, 1, 0, 0, 0, 0, 0, 1, 0, 0, 0, 0, 0, 0, 0, 0, 0, 0, 0, 0, 0, 0, 0, 0, 0, 0, 0, 0, 1, 0, 0]
	b: [0.0, 0.0, 0.0, 0.0, 0.0, 0.0, 0.0, 0.0, 0.0, 0.0, 0.0, 0.0, 0.0, 0.0, 0.0, 0.0, 0.0, 0.0, 0.0, 0.0, 0.0, 0.0, 0.0, 0.0, 0.0, 0.0, 0.0, 0.0, 0.0, 0.0, 0.0, 0.0, 0.0, 0.0, 0.0, 0.0, 0.0, 0.0, 0.0, 0.0, 0.0, 0.0, 0.0, 0.0, 0.0, 0.0, 0.0, 0.0, 0.0, 0.0]
	h: [30.0, 25.044, 21.171, 18.54, 13.321, 10.179, 6.74, 3.774, 0.415, 0.0, 0.0, 0.0, 0.0, 0.0, 0.0, 0.0, 0.0, 0.0, 0.0, 3.838, 0.0, 0.0, 0.0, 0.0, 0.0, 1.868, 0.0, 0.0, 0.0, 0.0, 0.0, 0.0, 0.0, 0.0, 0.0, 0.0, 0.0, 0.0, 0.0, 0.0, 0.0, 0.0, 0.0, 0.0, 0.0, 0.0, 0.0, 0.0, 0.0, 0.0]
----------------------------
r: 7
Params
	D: [2.292, 2.197, 4.383, 6.248, 4.269, 3.475, 5.912, 4.237, 4.101, 4.253, 3.868, 3.691, 2.565, 4.502, 3.905, 5.193, 3.631, 2.094, 3.9, 5.7, 3.617, 3.11, 2.806, 2.95, 3.7, 2.82, 5.498, 3.717, 4.109, 5.438, 5.503, 3.787, 4.332, 4.735, 3.807, 2.222, 4.655, 4.894, 4.416, 3.076, 3.804, 3.409, 3.7, 5.297, 5.53, 4.669, 4.549, 4.677, 3.988, 3.924]
	W: [0.076, 0.78, 0.438, 0.723, 0.978, 0.538, 0.501, 0.072, 0.268, 0.5, 0.679, 0.804, 0.381, 0.066, 0.288, 0.91, 0.213, 0.452, 0.931, 0.025, 0.601, 0.95, 0.23, 0.548, 0.909, 0.133, 0.523, 0.75, 0.669, 0.468, 0.205, 0.491, 0.372, 0.477, 0.366, 0.838, 0.769, 0.314, 0.573, 0.276, 0.453, 0.353, 0.657, 0.37, 0.459, 0.719, 0.413, 0.906, 0.18, 0.741]
	W_P: [0.181, 0.33, 0.451, 0.551, 0.632, 0]
Solution
	x: [0.0, 0.0, 0.0, 0.0, 0.0, 0.0, 0.0, 0.0, 4.823, 4.253, 3.868, 3.691, 7.067, 0.0, 3.905, 5.193, 3.631, 2.094, 9.6, 0.0, 3.617, 3.11, 2.806, 2.95, 6.52, 0.0, 5.498, 3.717, 4.109, 5.438, 5.503, 3.787, 4.332, 4.735, 3.807, 2.222, 4.655, 4.894, 4.416, 3.076, 3.804, 3.409, 3.7, 5.297, 5.53, 4.669, 4.549, 4.677, 3.988, 3.924]
	z_PM: [0, 1, 0, 0, 0, 1, 0, 0, 0, 0, 0, 0, 0, 0, 0, 0, 0, 0, 0, 0, 0, 0, 0, 0, 0, 0, 0, 0, 0, 0, 0, 0, 0, 0, 0, 0, 0, 0, 0, 0, 0, 0, 0, 0, 0, 0, 0, 0, 0, 0]
	z_CM: [0, 0, 0, 0, 0, 0, 0, 0, 0, 0, 0, 0, 0, 0, 0, 0, 0, 0, 0, 0, 0, 0, 0, 0, 0, 0, 0, 0, 0, 0, 0, 0, 0, 0, 0, 0, 0, 0, 0, 0, 0, 0, 0, 0, 0, 0, 0, 0, 0, 0]
	s: [4, 4, 2, 2, 2, 2, 0, 0, 0, 0, 0, 0, 0, 0, 0, 0, 0, 0, 0, 0, 0, 0, 0, 0, 0, 0, 0, 0, 0, 0, 0, 0, 0, 0, 0, 0, 0, 0, 0, 0, 0, 0, 0, 0, 0, 0, 0, 0, 0, 1]
	z_P: [0, 0, 0, 0, 0, 0, 0, 0, 1, 1, 1, 1, 1, 0, 1, 1, 1, 1, 1, 0, 1, 1, 1, 1, 1, 0, 1, 1, 1, 1, 1, 1, 1, 1, 1, 1, 1, 1, 1, 1, 1, 1, 1, 1, 1, 1, 1, 1, 1, 1]
	z_W: [1, 0, 1, 0, 0, 0, 0, 1, 0, 0, 0, 0, 0, 1, 0, 0, 0, 0, 0, 1, 0, 0, 0, 0, 0, 1, 0, 0, 0, 0, 0, 0, 0, 0, 0, 0, 0, 0, 0, 0, 0, 0, 0, 0, 0, 0, 0, 0, 1, 0]
	b: [0.0, 0.0, 0.0, 0.0, 0.0, 0.0, 0.0, 0.722, 0.0, 0.0, 0.0, 0.0, 0.0, 0.0, 0.0, 0.0, 0.0, 0.0, 0.0, 0.0, 0.0, 0.0, 0.0, 0.0, 0.0, 0.0, 0.0, 0.0, 0.0, 0.0, 0.0, 0.0, 0.0, 0.0, 0.0, 0.0, 0.0, 0.0, 0.0, 0.0, 0.0, 0.0, 0.0, 0.0, 0.0, 0.0, 0.0, 0.0, 0.0, 0.0]
	h: [30.0, 27.803, 23.42, 17.172, 12.903, 9.428, 3.516, 0.0, 0.0, 0.0, 0.0, 0.0, 4.502, 0.0, 0.0, 0.0, 0.0, 0.0, 5.7, 0.0, 0.0, 0.0, 0.0, 0.0, 2.82, 0.0, 0.0, 0.0, 0.0, 0.0, 0.0, 0.0, 0.0, 0.0, 0.0, 0.0, 0.0, 0.0, 0.0, 0.0, 0.0, 0.0, 0.0, 0.0, 0.0, 0.0, 0.0, 0.0, 0.0, 0.0]
----------------------------
r: 8
Params
	D: [4.475, 2.835, 3.499, 3.591, 3.066, 4.085, 4.144, 4.076, 3.844, 4.551, 5.702, 5.006, 0.865, 5.14, 2.13, 2.221, 4.128, 2.649, 5.554, 4.697, 3.189, 2.357, 4.331, 5.225, 4.096, 5.877, 4.534, 4.798, 3.694, 4.378, 3.774, 2.114, 6.473, 3.853, 4.116, 5.33, 4.11, 4.215, 4.429, 2.849, 5.525, 4.361, 3.389, 4.93, 4.357, 3.048, 4.152, 4.001, 4.335, 4.375]
	W: [0.873, 0.969, 0.869, 0.531, 0.233, 0.011, 0.43, 0.402, 0.523, 0.478, 0.555, 0.543, 0.761, 0.712, 0.62, 0.426, 0.289, 0.974, 0.334, 0.219, 0.066, 0.983, 0.128, 0.322, 0.071, 0.225, 0.394, 0.896, 0.345, 0.985, 0.029, 0.352, 0.381, 0.764, 0.939, 0.32, 0.432, 0.27, 0.801, 0.638, 0.069, 0.604, 0.796, 0.032, 0.455, 0.79, 0.989, 0.584, 0.039, 0.446]
	W_P: [0.181, 0.33, 0.451, 0.551, 0.632, 0]
Solution
	x: [0.0, 0.0, 0.0, 0.0, 0.0, 0.0, 0.0, 0.0, 0.0, 3.691, 5.702, 5.006, 1.0, 5.005, 2.13, 2.221, 4.128, 2.649, 5.554, 7.886, 0.0, 6.687, 0.0, 9.321, 0.0, 5.877, 4.534, 4.798, 3.694, 8.151, 0.0, 2.114, 6.473, 3.853, 4.116, 5.33, 4.11, 4.215, 4.429, 2.849, 5.525, 4.361, 3.389, 4.93, 4.357, 3.048, 4.152, 4.001, 4.71, 4.0]
	z_PM: [0, 1, 0, 1, 0, 0, 0, 0, 0, 0, 0, 0, 0, 0, 0, 0, 0, 0, 0, 0, 0, 0, 0, 0, 0, 0, 0, 0, 0, 0, 0, 0, 0, 0, 0, 0, 0, 0, 0, 0, 0, 0, 0, 0, 0, 0, 0, 0, 0, 0]
	z_CM: [0, 0, 0, 0, 0, 0, 0, 0, 0, 0, 0, 0, 0, 0, 0, 0, 0, 0, 0, 0, 0, 0, 0, 0, 0, 0, 0, 0, 0, 0, 0, 0, 0, 0, 0, 0, 0, 0, 0, 0, 0, 0, 0, 0, 0, 0, 0, 0, 0, 0]
	s: [4, 4, 2, 2, 0, 0, 0, 0, 0, 0, 0, 0, 0, 0, 0, 0, 0, 0, 0, 0, 0, 0, 0, 0, 0, 0, 0, 0, 0, 0, 0, 0, 0, 0, 0, 0, 0, 0, 0, 0, 0, 1, 1, 1, 2, 2, 2, 2, 2, 3]
	z_P: [0, 0, 0, 0, 0, 0, 0, 0, 0, 1, 1, 1, 1, 1, 1, 1, 1, 1, 1, 1, 0, 1, 0, 1, 0, 1, 1, 1, 1, 1, 0, 1, 1, 1, 1, 1, 1, 1, 1, 1, 1, 1, 1, 1, 1, 1, 1, 1, 1, 1]
	z_W: [0, 0, 0, 0, 0, 1, 0, 0, 0, 0, 0, 0, 0, 0, 0, 0, 0, 0, 0, 0, 1, 0, 1, 0, 1, 0, 0, 0, 0, 0, 1, 0, 0, 0, 0, 0, 0, 0, 0, 0, 1, 0, 0, 1, 0, 0, 0, 0, 1, 1]
	b: [0.0, 0.0, 0.0, 0.0, 0.0, 0.0, 0.0, 0.0, 0.0, 0.0, 0.0, 0.0, 0.0, 0.0, 0.0, 0.0, 0.0, 0.0, 0.0, 0.0, 0.0, 0.0, 0.0, 0.0, 0.0, 0.0, 0.0, 0.0, 0.0, 0.0, 0.0, 0.0, 0.0, 0.0, 0.0, 0.0, 0.0, 0.0, 0.0, 0.0, 0.0, 0.0, 0.0, 0.0, 0.0, 0.0, 0.0, 0.0, 0.0, 0.0]
	h: [30.0, 27.165, 23.666, 20.074, 17.008, 12.924, 8.78, 4.705, 0.86, 0.0, 0.0, 0.0, 0.135, 0.0, 0.0, 0.0, 0.0, 0.0, 0.0, 3.189, 0.0, 4.331, 0.0, 4.096, 0.0, 0.0, 0.0, 0.0, 0.0, 3.774, 0.0, 0.0, 0.0, 0.0, 0.0, 0.0, 0.0, 0.0, 0.0, 0.0, 0.0, 0.0, 0.0, 0.0, 0.0, 0.0, 0.0, 0.0, 0.375, 0.0]
----------------------------
r: 9
Params
	D: [5.304, 5.389, 3.344, 3.944, 3.5, 4.436, 3.624, 3.077, 5.917, 3.85, 3.361, 4.825, 2.789, 3.497, 3.298, 2.026, 1.344, 3.942, 3.344, 3.338, 4.769, 3.101, 5.694, 2.303, 1.207, 3.774, 4.397, 5.66, 3.506, 3.624, 3.83, 6.417, 2.191, 4.34, 3.977, 3.04, 3.617, 4.11, 3.145, 4.0, 4.664, 4.749, 3.534, 3.723, 4.035, 4.848, 4.163, 5.209, 4.503, 2.416]
	W: [0.01, 0.502, 0.496, 0.134, 0.142, 0.219, 0.419, 0.248, 0.084, 0.345, 0.167, 0.879, 0.951, 0.039, 0.699, 0.573, 0.898, 0.667, 0.548, 0.702, 0.386, 0.694, 0.825, 0.466, 0.941, 0.804, 0.983, 0.17, 0.521, 0.946, 0.65, 0.861, 0.971, 0.186, 0.243, 0.873, 0.906, 0.758, 0.347, 0.464, 0.611, 0.496, 0.478, 0.436, 0.87, 0.187, 0.688, 0.704, 0.925, 0.039]
	W_P: [0.181, 0.33, 0.451, 0.551, 0.632, 0]
Solution
	x: [0.0, 0.0, 0.0, 0.0, 0.0, 0.0, 0.0, 3.232, 0.0, 3.85, 3.361, 4.825, 2.789, 3.497, 5.324, 0.0, 0.0, 5.287, 3.344, 3.338, 4.769, 3.101, 5.694, 2.303, 1.207, 3.774, 10.0, 0.0, 3.563, 3.624, 3.83, 6.417, 2.191, 4.34, 3.977, 3.04, 3.617, 4.11, 3.145, 4.0, 4.664, 4.749, 3.534, 3.723, 4.035, 4.848, 4.163, 5.209, 4.503, 2.416]
	z_PM: [0, 1, 0, 1, 0, 1, 0, 0, 0, 0, 0, 0, 0, 0, 0, 1, 0, 0, 0, 0, 0, 0, 0, 0, 0, 0, 0, 0, 0, 0, 0, 0, 0, 0, 0, 0, 0, 0, 0, 0, 0, 0, 0, 0, 0, 0, 0, 0, 0, 0]
	z_CM: [0, 0, 0, 0, 0, 0, 0, 0, 0, 0, 0, 0, 0, 0, 0, 0, 0, 0, 0, 0, 0, 0, 0, 0, 0, 0, 0, 0, 0, 0, 0, 0, 0, 0, 0, 0, 0, 0, 0, 0, 0, 0, 0, 0, 0, 0, 0, 0, 0, 0]
	s: [4, 4, 2, 2, 1, 1, 0, 0, 0, 0, 0, 1, 1, 1, 2, 2, 0, 0, 0, 0, 0, 0, 0, 0, 0, 0, 0, 0, 0, 0, 0, 0, 0, 0, 0, 0, 0, 0, 0, 0, 0, 0, 0, 0, 0, 0, 0, 0, 0, 0]
	z_P: [0, 0, 0, 0, 0, 0, 0, 1, 0, 1, 1, 1, 1, 1, 1, 0, 0, 1, 1, 1, 1, 1, 1, 1, 1, 1, 1, 0, 1, 1, 1, 1, 1, 1, 1, 1, 1, 1, 1, 1, 1, 1, 1, 1, 1, 1, 1, 1, 1, 1]
	z_W: [1, 1, 0, 1, 1, 1, 0, 0, 1, 0, 1, 0, 0, 1, 0, 0, 0, 0, 0, 0, 0, 0, 0, 0, 0, 0, 0, 1, 0, 0, 0, 0, 0, 0, 0, 0, 0, 0, 0, 0, 0, 0, 0, 0, 0, 0, 0, 0, 0, 1]
	b: [0.0, 0.0, 0.0, 0.0, 0.0, 0.0, 0.0, 0.0, 0.0, 0.0, 0.0, 0.0, 0.0, 0.0, 0.0, 0.0, 1.344, 0.0, 0.0, 0.0, 0.0, 0.0, 0.0, 0.0, 0.0, 0.0, 0.0, 0.057, 0.0, 0.0, 0.0, 0.0, 0.0, 0.0, 0.0, 0.0, 0.0, 0.0, 0.0, 0.0, 0.0, 0.0, 0.0, 0.0, 0.0, 0.0, 0.0, 0.0, 0.0, 0.0]
	h: [30.0, 24.611, 21.267, 17.323, 13.823, 9.387, 5.763, 5.917, 0.0, 0.0, 0.0, 0.0, 0.0, 0.0, 2.026, 0.0, 0.0, 0.0, 0.0, 0.0, 0.0, 0.0, 0.0, 0.0, 0.0, 0.0, 5.603, 0.0, 0.0, 0.0, 0.0, 0.0, 0.0, 0.0, 0.0, 0.0, 0.0, 0.0, 0.0, 0.0, 0.0, 0.0, 0.0, 0.0, 0.0, 0.0, 0.0, 0.0, 0.0, 0.0]
----------------------------
r: 10
Params
	D: [3.195, 3.787, 3.661, 4.312, 4.565, 3.853, 3.974, 4.289, 3.46, 4.708, 4.842, 4.204, 6.395, 4.917, 3.888, 3.638, 3.768, 3.498, 5.129, 3.302, 3.919, 3.471, 5.046, 2.581, 3.638, 3.878, 4.319, 4.461, 3.784, 4.989, 4.315, 6.468, 2.492, 4.621, 2.955, 3.202, 5.985, 5.745, 2.144, 3.777, 3.934, 1.868, 3.951, 4.393, 4.217, 2.006, 5.108, 4.245, 3.938, 3.246]
	W: [0.771, 0.021, 0.634, 0.749, 0.499, 0.225, 0.198, 0.761, 0.169, 0.088, 0.685, 0.953, 0.004, 0.512, 0.813, 0.613, 0.722, 0.292, 0.918, 0.715, 0.543, 0.142, 0.373, 0.674, 0.442, 0.434, 0.618, 0.513, 0.65, 0.601, 0.805, 0.522, 0.909, 0.319, 0.09, 0.301, 0.114, 0.829, 0.047, 0.626, 0.548, 0.819, 0.199, 0.857, 0.352, 0.755, 0.296, 0.884, 0.326, 0.165]
	W_P: [0.181, 0.33, 0.451, 0.551, 0.632, 0]
Solution
	x: [0.0, 0.0, 0.0, 0.0, 0.0, 0.0, 0.0, 1.901, 0.0, 4.708, 4.842, 4.204, 6.395, 4.917, 5.293, 6.0, 0.0, 0.0, 8.627, 3.302, 7.39, 0.0, 5.046, 2.581, 3.638, 3.878, 4.319, 4.461, 3.784, 4.989, 4.315, 6.468, 2.492, 7.575, 0.0, 3.202, 5.985, 7.889, 0.0, 3.777, 3.934, 5.819, 0.0, 4.393, 4.217, 2.006, 5.108, 4.245, 3.938, 3.246]
	z_PM: [0, 1, 0, 0, 0, 1, 0, 0, 0, 0, 0, 0, 0, 0, 0, 0, 1, 0, 0, 0, 0, 0, 0, 0, 0, 0, 0, 0, 0, 0, 0, 0, 0, 0, 0, 0, 0, 0, 0, 0, 0, 0, 0, 0, 0, 0, 0, 0, 0, 0]
	z_CM: [0, 0, 0, 0, 0, 0, 0, 0, 0, 0, 0, 0, 0, 0, 0, 0, 0, 0, 0, 0, 0, 0, 0, 0, 0, 0, 0, 0, 0, 0, 0, 0, 0, 0, 0, 0, 0, 0, 0, 0, 0, 0, 0, 0, 0, 0, 0, 0, 0, 0]
	s: [4, 4, 2, 2, 2, 2, 0, 0, 0, 0, 1, 1, 1, 2, 2, 2, 2, 0, 0, 0, 0, 0, 0, 0, 0, 0, 0, 0, 0, 0, 0, 0, 0, 0, 0, 0, 0, 1, 1, 1, 1, 1, 1, 1, 1, 1, 1, 2, 2, 3]
	z_P: [0, 0, 0, 0, 0, 0, 0, 1, 0, 1, 1, 1, 1, 1, 1, 1, 0, 0, 1, 1, 1, 0, 1, 1, 1, 1, 1, 1, 1, 1, 1, 1, 1, 1, 0, 1, 1, 1, 0, 1, 1, 1, 0, 1, 1, 1, 1, 1, 1, 1]
	z_W: [0, 1, 0, 0, 0, 1, 0, 0, 1, 1, 0, 0, 1, 0, 0, 0, 0, 0, 0, 0, 0, 1, 0, 0, 0, 0, 0, 0, 0, 0, 0, 0, 0, 0, 1, 0, 1, 0, 1, 0, 0, 0, 1, 0, 0, 0, 1, 0, 1, 1]
	b: [0.0, 0.0, 0.0, 0.0, 0.0, 0.0, 0.0, 0.0, 0.0, 0.0, 0.0, 0.0, 0.0, 0.0, 0.0, 0.0, 0.0, 3.498, 0.0, 0.0, 0.0, 0.0, 0.0, 0.0, 0.0, 0.0, 0.0, 0.0, 0.0, 0.0, 0.0, 0.0, 0.0, 0.0, 0.0, 0.0, 0.0, 0.0, 0.0, 0.0, 0.0, 0.0, 0.0, 0.0, 0.0, 0.0, 0.0, 0.0, 0.0, 0.0]
	h: [30.0, 26.213, 22.552, 18.24, 13.675, 9.822, 5.848, 3.46, 0.0, 0.0, 0.0, 0.0, 0.0, 0.0, 1.406, 3.768, 0.0, 0.0, 0.0, 0.0, 3.471, 0.0, 0.0, 0.0, 0.0, 0.0, 0.0, 0.0, 0.0, 0.0, 0.0, 0.0, 0.0, 2.955, 0.0, 0.0, 0.0, 2.144, 0.0, 0.0, 0.0, 3.951, 0.0, 0.0, 0.0, 0.0, 0.0, 0.0, 0.0, 0.0]
----------------------------
r: 11
Params
	D: [2.453, 5.296, 3.763, 2.768, 3.828, 4.092, 5.068, 2.938, 4.217, 4.118, 2.316, 2.814, 4.6, 4.696, 5.088, 4.534, 4.395, 4.123, 5.209, 3.157, 3.858, 4.385, 2.423, 5.311, 3.207, 3.928, 6.157, 3.171, 3.471, 5.562, 2.92, 3.568, 4.516, 4.455, 4.594, 4.371, 5.345, 5.016, 4.595, 3.317, 3.286, 2.092, 4.687, 2.177, 4.879, 5.846, 2.938, 3.316, 3.524, 4.83]
	W: [0.18, 0.019, 0.463, 0.725, 0.42, 0.485, 0.013, 0.487, 0.942, 0.851, 0.73, 0.109, 0.894, 0.857, 0.165, 0.632, 0.02, 0.117, 0.316, 0.158, 0.759, 0.818, 0.345, 0.319, 0.112, 0.084, 0.713, 0.6, 0.056, 0.48, 0.402, 0.848, 0.718, 0.602, 0.552, 0.949, 0.987, 0.338, 0.24, 0.796, 0.064, 0.365, 0.07, 0.319, 0.07, 0.29, 0.79, 0.905, 0.793, 0.562]
	W_P: [0.181, 0.33, 0.451, 0.551, 0.632, 0]
Solution
	x: [0.0, 0.0, 0.0, 0.0, 0.0, 0.0, 0.0, 0.0, 1.969, 4.118, 2.316, 2.814, 4.6, 4.712, 8.0, 6.0, 0.0, 0.0, 9.332, 3.157, 3.858, 4.385, 3.026, 8.0, 0.0, 0.0, 10.0, 6.641, 0.0, 5.562, 2.92, 3.568, 4.516, 4.455, 4.594, 4.371, 5.345, 5.016, 4.595, 6.604, 0.0, 2.092, 6.864, 0.0, 4.879, 5.846, 2.938, 3.316, 4.0, 4.0]
	z_PM: [0, 1, 0, 0, 1, 0, 0, 0, 0, 0, 0, 0, 0, 0, 0, 0, 1, 0, 0, 0, 0, 0, 0, 0, 1, 0, 0, 0, 0, 0, 0, 0, 0, 0, 0, 0, 0, 0, 0, 0, 0, 0, 0, 0, 0, 0, 0, 0, 0, 0]
	z_CM: [0, 0, 0, 0, 0, 0, 0, 0, 0, 0, 0, 0, 0, 0, 0, 0, 0, 0, 0, 0, 0, 0, 0, 0, 0, 0, 0, 0, 0, 0, 0, 0, 0, 0, 0, 0, 0, 0, 0, 0, 0, 0, 0, 0, 0, 0, 0, 0, 0, 0]
	s: [4, 4, 2, 2, 2, 0, 0, 0, 0, 0, 0, 0, 1, 1, 1, 2, 2, 0, 0, 0, 1, 1, 1, 1, 2, 0, 0, 0, 0, 0, 0, 0, 0, 0, 0, 0, 0, 0, 0, 0, 0, 0, 0, 1, 1, 2, 3, 3, 3, 3]
	z_P: [0, 0, 0, 0, 0, 0, 0, 0, 1, 1, 1, 1, 1, 1, 1, 1, 0, 0, 1, 1, 1, 1, 1, 1, 0, 0, 1, 1, 0, 1, 1, 1, 1, 1, 1, 1, 1, 1, 1, 1, 0, 1, 1, 0, 1, 1, 1, 1, 1, 1]
	z_W: [1, 1, 0, 0, 1, 0, 1, 0, 0, 0, 0, 1, 0, 0, 1, 0, 1, 1, 0, 1, 0, 0, 0, 1, 1, 1, 0, 0, 1, 0, 0, 0, 0, 0, 0, 0, 0, 0, 0, 0, 1, 0, 1, 1, 1, 1, 0, 0, 0, 0]
	b: [0.0, 0.0, 0.0, 0.0, 0.0, 0.0, 0.0, 0.0, 0.0, 0.0, 0.0, 0.0, 0.0, 0.0, 0.0, 0.0, 0.0, 4.123, 0.0, 0.0, 0.0, 0.0, 0.0, 0.0, 0.0, 3.843, 0.0, 0.0, 0.0, 0.0, 0.0, 0.0, 0.0, 0.0, 0.0, 0.0, 0.0, 0.0, 0.0, 0.0, 0.0, 0.0, 0.0, 0.0, 0.0, 0.0, 0.0, 0.0, 0.0, 0.354]
	h: [30.0, 24.704, 20.942, 18.174, 14.346, 10.255, 5.187, 2.249, 0.0, 0.0, 0.0, 0.0, 0.0, 0.017, 2.929, 4.395, 0.0, 0.0, 0.0, 0.0, 0.0, 0.0, 0.603, 3.292, 0.085, 0.0, 0.0, 3.471, 0.0, 0.0, 0.0, 0.0, 0.0, 0.0, 0.0, 0.0, 0.0, 0.0, 0.0, 3.286, 0.0, 0.0, 2.177, 0.0, 0.0, 0.0, 0.0, 0.0, 0.476, 0.0]
----------------------------
r: 12
Params
	D: [4.215, 3.616, 3.746, 4.073, 3.003, 3.286, 4.035, 3.322, 3.428, 3.894, 5.336, 4.319, 3.662, 3.415, 3.885, 6.242, 0.853, 4.535, 4.232, 4.868, 2.852, 6.114, 5.001, 3.949, 4.16, 3.284, 4.051, 3.857, 4.944, 4.358, 3.917, 4.678, 4.556, 4.223, 2.471, 5.029, 2.834, 2.99, 3.895, 4.512, 5.408, 2.312, 5.471, 5.636, 3.539, 3.799, 3.428, 3.397, 2.661, 2.31]
	W: [0.154, 0.74, 0.263, 0.534, 0.015, 0.919, 0.901, 0.033, 0.957, 0.137, 0.284, 0.606, 0.944, 0.853, 0.002, 0.521, 0.552, 0.485, 0.768, 0.161, 0.765, 0.021, 0.135, 0.116, 0.31, 0.671, 0.471, 0.816, 0.29, 0.733, 0.703, 0.328, 0.335, 0.978, 0.625, 0.95, 0.767, 0.825, 0.407, 0.451, 0.401, 0.995, 0.178, 0.963, 0.419, 0.424, 0.463, 0.374, 0.466, 0.035]
	W_P: [0.181, 0.33, 0.451, 0.551, 0.632, 0]
Solution
	x: [0.0, 0.0, 0.0, 0.0, 0.0, 0.0, 0.0, 0.0, 2.404, 0.0, 5.336, 4.319, 3.662, 7.3, 0.0, 6.242, 1.0, 4.388, 4.232, 4.868, 5.967, 8.0, 0.0, 0.0, 8.108, 3.284, 4.051, 3.857, 4.944, 4.358, 3.917, 4.678, 4.556, 4.223, 2.471, 5.029, 2.834, 2.99, 3.895, 4.512, 5.408, 2.312, 5.471, 5.636, 3.539, 3.799, 3.428, 3.397, 2.661, 2.31]
	z_PM: [0, 1, 0, 0, 1, 0, 0, 0, 0, 0, 0, 0, 0, 0, 0, 0, 0, 0, 0, 0, 0, 0, 1, 0, 0, 0, 0, 0, 0, 0, 0, 0, 0, 0, 0, 0, 0, 0, 0, 0, 0, 0, 0, 0, 0, 0, 0, 0, 0, 0]
	z_CM: [0, 0, 0, 0, 0, 0, 0, 0, 0, 0, 0, 0, 0, 0, 0, 0, 0, 0, 0, 0, 0, 0, 0, 0, 0, 0, 0, 0, 0, 0, 0, 0, 0, 0, 0, 0, 0, 0, 0, 0, 0, 0, 0, 0, 0, 0, 0, 0, 0, 0]
	s: [4, 4, 2, 2, 2, 0, 0, 0, 0, 0, 0, 0, 0, 0, 0, 0, 0, 0, 0, 0, 1, 1, 2, 0, 0, 0, 0, 0, 0, 0, 0, 0, 0, 0, 0, 0, 0, 0, 0, 0, 0, 0, 0, 1, 1, 1, 1, 1, 1, 1]
	z_P: [0, 0, 0, 0, 0, 0, 0, 0, 1, 0, 1, 1, 1, 1, 0, 1, 1, 1, 1, 1, 1, 1, 0, 0, 1, 1, 1, 1, 1, 1, 1, 1, 1, 1, 1, 1, 1, 1, 1, 1, 1, 1, 1, 1, 1, 1, 1, 1, 1, 1]
	z_W: [1, 0, 1, 0, 1, 0, 0, 1, 0, 1, 0, 0, 0, 0, 1, 0, 0, 0, 0, 1, 0, 1, 1, 1, 0, 0, 0, 0, 0, 0, 0, 0, 0, 0, 0, 0, 0, 0, 0, 0, 0, 0, 1, 0, 0, 0, 0, 0, 0, 1]
	b: [0.0, 0.0, 0.0, 0.0, 0.0, 0.0, 0.0, 0.0, 0.0, 0.0, 0.0, 0.0, 0.0, 0.0, 0.0, 0.0, 0.0, 0.0, 0.0, 0.0, 0.0, 0.0, 0.0, 3.949, 0.0, 0.0, 0.0, 0.0, 0.0, 0.0, 0.0, 0.0, 0.0, 0.0, 0.0, 0.0, 0.0, 0.0, 0.0, 0.0, 0.0, 0.0, 0.0, 0.0, 0.0, 0.0, 0.0, 0.0, 0.0, 0.0]
	h: [30.0, 26.384, 22.638, 18.565, 15.562, 12.276, 8.241, 4.919, 3.894, 0.0, 0.0, 0.0, 0.0, 3.885, 0.0, 0.0, 0.147, 0.0, 0.0, 0.0, 3.115, 5.001, 0.0, 0.0, 0.0, 0.0, 0.0, 0.0, 0.0, 0.0, 0.0, 0.0, 0.0, 0.0, 0.0, 0.0, 0.0, 0.0, 0.0, 0.0, 0.0, 0.0, 0.0, 0.0, 0.0, 0.0, 0.0, 0.0, 0.0, 0.0]
----------------------------
r: 13
Params
	D: [4.491, 5.893, 3.379, 3.546, 4.217, 4.514, 4.397, 2.487, 3.236, 4.101, 3.683, 5.138, 3.678, 3.63, 5.85, 3.918, 3.02, 3.998, 3.768, 4.711, 4.453, 3.667, 3.616, 3.47, 5.35, 6.015, 3.942, 4.565, 4.36, 3.488, 3.477, 3.519, 2.076, 3.243, 4.453, 4.922, 3.793, 3.624, 4.64, 6.054, 3.072, 3.225, 3.563, 4.548, 3.146, 4.466, 3.279, 4.562, 3.685, 3.57]
	W: [0.778, 0.238, 0.824, 0.966, 0.973, 0.453, 0.609, 0.776, 0.642, 0.722, 0.035, 0.298, 0.059, 0.857, 0.373, 0.68, 0.256, 0.348, 0.009, 0.358, 0.949, 0.218, 0.319, 0.918, 0.032, 0.065, 0.63, 0.874, 0.009, 0.747, 0.813, 0.076, 0.656, 0.509, 0.48, 0.956, 0.0, 0.247, 0.712, 0.325, 0.277, 0.695, 0.919, 0.244, 0.458, 0.253, 0.379, 0.605, 0.772, 0.068]
	W_P: [0.181, 0.33, 0.451, 0.551, 0.632, 0]
Solution
	x: [0.0, 0.0, 0.0, 0.0, 0.0, 0.0, 0.0, 0.0, 1.67, 7.784, 0.0, 8.816, 0.0, 3.63, 5.85, 3.918, 3.02, 7.765, 0.0, 4.711, 4.453, 3.667, 3.616, 8.82, 0.0, 6.015, 3.942, 4.565, 4.36, 4.483, 6.0, 0.0, 0.0, 5.318, 4.453, 8.715, 0.0, 3.624, 4.64, 6.054, 3.072, 3.225, 3.563, 4.548, 3.146, 4.466, 3.279, 4.562, 3.685, 3.57]
	z_PM: [0, 1, 0, 1, 0, 0, 0, 0, 0, 0, 0, 0, 0, 0, 0, 0, 0, 0, 0, 0, 0, 0, 0, 0, 0, 0, 0, 0, 0, 0, 0, 1, 0, 0, 0, 0, 0, 0, 0, 0, 0, 0, 0, 0, 0, 0, 0, 0, 0, 0]
	z_CM: [0, 0, 0, 0, 0, 0, 0, 0, 0, 0, 0, 0, 0, 0, 0, 0, 0, 0, 0, 0, 0, 0, 0, 0, 0, 0, 0, 0, 0, 0, 0, 0, 0, 0, 0, 0, 0, 0, 0, 0, 0, 0, 0, 0, 0, 0, 0, 0, 0, 0]
	s: [4, 4, 2, 2, 0, 0, 0, 0, 0, 0, 0, 0, 0, 0, 0, 0, 0, 0, 0, 0, 0, 0, 0, 0, 0, 0, 1, 1, 1, 2, 2, 2, 0, 0, 0, 0, 0, 0, 0, 0, 0, 0, 0, 0, 0, 0, 0, 0, 0, 0]
	z_P: [0, 0, 0, 0, 0, 0, 0, 0, 1, 1, 0, 1, 0, 1, 1, 1, 1, 1, 0, 1, 1, 1, 1, 1, 0, 1, 1, 1, 1, 1, 1, 0, 0, 1, 1, 1, 0, 1, 1, 1, 1, 1, 1, 1, 1, 1, 1, 1, 1, 1]
	z_W: [0, 1, 0, 0, 0, 0, 0, 0, 0, 0, 1, 0, 1, 0, 0, 0, 0, 0, 1, 0, 0, 0, 0, 0, 1, 1, 0, 0, 1, 0, 0, 1, 0, 0, 0, 0, 1, 0, 0, 0, 0, 0, 0, 0, 0, 0, 0, 0, 0, 1]
	b: [0.0, 0.0, 0.0, 0.0, 0.0, 0.0, 0.0, 0.0, 0.0, 0.0, 0.0, 0.0, 0.0, 0.0, 0.0, 0.0, 0.0, 0.0, 0.0, 0.0, 0.0, 0.0, 0.0, 0.0, 0.0, 0.0, 0.0, 0.0, 0.0, 0.0, 0.0, 0.0, 2.076, 0.0, 0.0, 0.0, 0.0, 0.0, 0.0, 0.0, 0.0, 0.0, 0.0, 0.0, 0.0, 0.0, 0.0, 0.0, 0.0, 0.0]
	h: [30.0, 24.107, 20.728, 17.182, 12.965, 8.45, 4.053, 1.566, 0.0, 3.683, 0.0, 3.678, 0.0, 0.0, 0.0, 0.0, 0.0, 3.768, 0.0, 0.0, 0.0, 0.0, 0.0, 5.35, 0.0, 0.0, 0.0, 0.0, 0.0, 0.995, 3.519, 0.0, 0.0, 0.0, 0.0, 3.793, 0.0, 0.0, 0.0, 0.0, 0.0, 0.0, 0.0, 0.0, 0.0, 0.0, 0.0, 0.0, 0.0, 0.0]
----------------------------
r: 14
Params
	D: [3.5, 3.435, 3.686, 3.603, 4.006, 3.003, 5.691, 3.684, 5.465, 5.464, 4.129, 2.822, 1.833, 2.478, 3.707, 4.16, 3.217, 3.483, 6.697, 4.275, 2.788, 4.587, 3.018, 1.561, 4.136, 3.192, 4.02, 5.76, 4.053, 3.1, 5.588, 1.824, 2.783, 5.354, 5.477, 3.674, 3.216, 4.251, 4.234, 4.076, 3.432, 2.608, 3.184, 3.489, 3.49, 3.227, 3.751, 2.099, 4.8, 5.276]
	W: [0.514, 0.773, 0.87, 0.008, 0.31, 0.958, 0.513, 0.318, 0.539, 0.221, 0.806, 0.342, 0.539, 0.006, 0.673, 0.21, 0.933, 0.374, 0.752, 0.763, 0.87, 0.11, 0.3, 0.475, 0.673, 0.258, 0.701, 0.657, 0.182, 0.322, 0.888, 0.083, 0.747, 0.062, 0.731, 0.743, 0.408, 0.991, 0.452, 0.19, 0.352, 0.715, 0.357, 0.052, 0.316, 0.999, 0.288, 0.462, 0.735, 0.944]
	W_P: [0.181, 0.33, 0.451, 0.551, 0.632, 0]
Solution
	x: [0.0, 0.0, 0.0, 0.0, 0.0, 0.0, 0.0, 0.0, 2.573, 5.464, 4.129, 2.822, 4.312, 0.0, 3.707, 4.16, 3.217, 3.483, 6.697, 4.275, 7.376, 0.0, 3.018, 1.561, 4.136, 3.192, 4.02, 5.76, 4.053, 3.1, 7.412, 0.0, 8.137, 0.0, 5.477, 3.674, 3.216, 4.251, 4.234, 4.076, 3.432, 2.608, 6.672, 0.0, 3.49, 3.227, 3.751, 2.099, 4.8, 5.276]
	z_PM: [0, 1, 0, 1, 0, 0, 0, 0, 0, 0, 0, 0, 0, 0, 0, 0, 0, 0, 0, 0, 0, 0, 0, 0, 0, 0, 0, 0, 0, 0, 0, 0, 0, 0, 0, 0, 0, 0, 0, 0, 0, 0, 0, 0, 0, 0, 0, 0, 0, 0]
	z_CM: [0, 0, 0, 0, 0, 0, 0, 0, 0, 0, 0, 0, 0, 0, 0, 0, 0, 0, 0, 0, 0, 0, 0, 0, 0, 0, 0, 0, 0, 0, 0, 0, 0, 0, 0, 0, 0, 0, 0, 0, 0, 0, 0, 0, 0, 0, 0, 0, 0, 0]
	s: [4, 4, 2, 2, 0, 0, 0, 0, 0, 0, 0, 0, 0, 0, 0, 0, 0, 0, 0, 0, 0, 0, 0, 0, 0, 0, 0, 0, 0, 0, 0, 0, 0, 0, 0, 0, 0, 0, 0, 0, 0, 0, 0, 0, 0, 0, 0, 0, 0, 0]
	z_P: [0, 0, 0, 0, 0, 0, 0, 0, 1, 1, 1, 1, 1, 0, 1, 1, 1, 1, 1, 1, 1, 0, 1, 1, 1, 1, 1, 1, 1, 1, 1, 0, 1, 0, 1, 1, 1, 1, 1, 1, 1, 1, 1, 0, 1, 1, 1, 1, 1, 1]
	z_W: [1, 0, 0, 1, 0, 0, 0, 0, 0, 0, 0, 0, 0, 1, 0, 0, 0, 0, 0, 0, 0, 1, 0, 0, 0, 0, 0, 0, 0, 0, 0, 1, 0, 1, 0, 0, 0, 0, 0, 0, 0, 0, 0, 1, 0, 0, 0, 0, 0, 0]
	b: [0.0, 0.0, 0.0, 0.0, 0.0, 0.0, 0.0, 0.0, 0.0, 0.0, 0.0, 0.0, 0.0, 0.0, 0.0, 0.0, 0.0, 0.0, 0.0, 0.0, 0.0, 0.0, 0.0, 0.0, 0.0, 0.0, 0.0, 0.0, 0.0, 0.0, 0.0, 0.0, 0.0, 0.0, 0.0, 0.0, 0.0, 0.0, 0.0, 0.0, 0.0, 0.0, 0.0, 0.0, 0.0, 0.0, 0.0, 0.0, 0.0, 0.0]
	h: [30.0, 26.565, 22.879, 19.276, 15.27, 12.267, 6.576, 2.892, 0.0, 0.0, 0.0, 0.0, 2.478, 0.0, 0.0, 0.0, 0.0, 0.0, 0.0, 0.0, 4.587, 0.0, 0.0, 0.0, 0.0, 0.0, 0.0, 0.0, 0.0, 0.0, 1.824, 0.0, 5.354, 0.0, 0.0, 0.0, 0.0, 0.0, 0.0, 0.0, 0.0, 0.0, 3.489, 0.0, 0.0, 0.0, 0.0, 0.0, 0.0, 0.0]
----------------------------
r: 15
Params
	D: [4.603, 3.002, 5.215, 3.332, 3.727, 5.417, 3.217, 3.75, 3.692, 5.73, 5.978, 4.22, 5.895, 2.632, 3.809, 5.287, 3.753, 4.343, 4.223, 4.682, 4.251, 2.518, 3.613, 3.266, 4.586, 2.264, 3.173, 5.184, 4.355, 6.443, 3.963, 1.288, 4.991, 4.192, 3.647, 2.66, 3.811, 4.597, 4.34, 4.083, 4.606, 4.169, 2.961, 4.285, 4.502, 5.934, 4.048, 2.948, 5.167, 4.735]
	W: [0.849, 0.179, 0.054, 0.362, 0.275, 0.53, 0.306, 0.304, 0.112, 0.25, 0.918, 0.264, 0.718, 0.866, 0.807, 0.211, 0.167, 0.047, 0.039, 0.2, 0.999, 0.373, 0.761, 0.473, 0.51, 0.945, 0.109, 0.465, 0.142, 0.538, 0.299, 0.538, 0.666, 0.364, 0.623, 0.643, 0.42, 0.403, 0.39, 0.406, 0.08, 0.057, 0.078, 0.696, 0.029, 0.499, 0.133, 0.031, 0.639, 0.446]
	W_P: [0.181, 0.33, 0.451, 0.551, 0.632, 0]
Solution
	x: [0.0, 0.0, 0.0, 0.0, 0.0, 0.0, 0.0, 1.352, 0.0, 5.73, 5.978, 4.22, 5.895, 2.632, 3.809, 5.287, 8.096, 0.0, 0.0, 8.904, 4.251, 2.518, 3.613, 3.266, 4.586, 5.438, 0.0, 9.539, 0.0, 6.443, 3.963, 1.288, 4.991, 4.192, 3.647, 2.66, 3.811, 4.597, 4.34, 4.083, 8.775, 0.0, 0.0, 7.246, 4.502, 5.934, 4.048, 4.115, 4.0, 4.0]
	z_PM: [0, 1, 0, 1, 0, 1, 0, 0, 0, 0, 0, 0, 0, 0, 0, 0, 0, 1, 0, 0, 0, 0, 0, 0, 0, 0, 0, 0, 0, 0, 0, 0, 0, 0, 0, 0, 0, 0, 0, 0, 0, 1, 0, 0, 0, 0, 0, 0, 0, 0]
	z_CM: [0, 0, 0, 0, 0, 0, 0, 0, 0, 0, 0, 0, 0, 0, 0, 0, 0, 0, 0, 0, 0, 0, 0, 0, 0, 0, 0, 0, 0, 0, 0, 0, 0, 0, 0, 0, 0, 0, 0, 0, 0, 0, 0, 0, 0, 0, 0, 0, 0, 0]
	s: [4, 4, 2, 2, 0, 0, 0, 0, 0, 0, 0, 0, 0, 0, 0, 0, 0, 1, 0, 0, 0, 0, 0, 0, 0, 0, 0, 0, 0, 0, 0, 0, 0, 0, 0, 0, 0, 0, 0, 0, 0, 1, 0, 0, 0, 1, 1, 2, 3, 3]
	z_P: [0, 0, 0, 0, 0, 0, 0, 1, 0, 1, 1, 1, 1, 1, 1, 1, 1, 0, 0, 1, 1, 1, 1, 1, 1, 1, 0, 1, 0, 1, 1, 1, 1, 1, 1, 1, 1, 1, 1, 1, 1, 0, 0, 1, 1, 1, 1, 1, 1, 1]
	z_W: [0, 1, 1, 1, 0, 0, 0, 0, 1, 0, 0, 0, 0, 0, 0, 0, 1, 1, 1, 0, 0, 0, 0, 0, 0, 0, 1, 0, 1, 0, 0, 0, 0, 0, 0, 0, 0, 0, 0, 0, 1, 1, 1, 0, 1, 0, 1, 1, 0, 1]
	b: [0.0, 0.0, 0.0, 0.0, 0.0, 0.0, 0.0, 0.0, 0.0, 0.0, 0.0, 0.0, 0.0, 0.0, 0.0, 0.0, 0.0, 0.0, 4.223, 0.0, 0.0, 0.0, 0.0, 0.0, 0.0, 0.0, 0.0, 0.0, 0.0, 0.0, 0.0, 0.0, 0.0, 0.0, 0.0, 0.0, 0.0, 0.0, 0.0, 0.0, 0.0, 0.0, 2.961, 0.0, 0.0, 0.0, 0.0, 0.0, 0.0, 0.735]
	h: [30.0, 26.998, 21.783, 18.451, 14.723, 9.306, 6.089, 3.692, 0.0, 0.0, 0.0, 0.0, 0.0, 0.0, 0.0, 0.0, 4.343, 0.0, 0.0, 0.0, 0.0, 0.0, 0.0, 0.0, 0.0, 3.173, 0.0, 4.355, 0.0, 0.0, 0.0, 0.0, 0.0, 0.0, 0.0, 0.0, 0.0, 0.0, 0.0, 0.0, 4.169, 0.0, 0.0, 0.0, 0.0, 0.0, 0.0, 1.167, 0.0, 0.0]
----------------------------
r: 16
Params
	D: [2.662, 4.58, 4.536, 5.543, 5.674, 3.361, 4.549, 3.917, 4.309, 6.01, 5.675, 4.503, 5.027, 4.635, 3.828, 3.779, 3.271, 5.521, 3.059, 3.563, 3.799, 3.132, 5.553, 4.535, 1.746, 2.994, 4.872, 3.466, 4.165, 4.254, 4.164, 3.334, 3.969, 4.102, 3.163, 4.342, 4.107, 4.326, 4.721, 3.895, 2.968, 4.914, 4.509, 2.952, 2.927, 4.402, 4.65, 2.391, 3.674, 3.451]
	W: [0.223, 0.523, 0.551, 0.046, 0.361, 0.223, 0.689, 0.164, 0.07, 0.941, 0.564, 0.078, 0.723, 0.158, 0.25, 0.293, 0.697, 0.464, 0.215, 0.447, 0.121, 0.918, 0.566, 0.472, 0.315, 0.043, 0.752, 0.543, 0.767, 0.79, 0.072, 0.66, 0.053, 0.685, 0.443, 0.468, 0.661, 0.69, 0.263, 0.011, 0.771, 0.816, 0.14, 0.578, 0.341, 0.232, 0.199, 0.271, 0.977, 0.215]
	W_P: [0.181, 0.33, 0.451, 0.551, 0.632, 0]
Solution
	x: [0.0, 0.0, 0.0, 0.0, 0.0, 0.0, 2.16, 0.0, 4.309, 6.01, 7.205, 8.0, 0.0, 0.0, 8.463, 3.779, 3.271, 5.521, 3.059, 7.362, 0.0, 3.132, 5.553, 4.535, 1.746, 2.994, 4.872, 3.466, 4.165, 4.254, 7.497, 0.0, 0.0, 8.071, 3.163, 4.342, 4.107, 4.326, 8.616, 0.0, 2.968, 4.914, 4.509, 2.952, 2.927, 5.116, 6.0, 0.0, 4.0, 3.451]
	z_PM: [0, 1, 0, 1, 0, 0, 0, 0, 0, 0, 0, 0, 1, 0, 0, 0, 0, 0, 0, 0, 0, 0, 0, 0, 0, 0, 0, 0, 0, 0, 0, 1, 0, 0, 0, 0, 0, 0, 0, 0, 0, 0, 0, 0, 0, 0, 0, 0, 0, 0]
	z_CM: [0, 0, 0, 0, 0, 0, 0, 0, 0, 0, 0, 0, 0, 0, 0, 0, 0, 0, 0, 0, 0, 0, 0, 0, 0, 0, 0, 0, 0, 0, 0, 0, 0, 0, 0, 0, 0, 0, 0, 0, 0, 0, 0, 0, 0, 0, 0, 0, 0, 0]
	s: [4, 4, 2, 2, 0, 0, 0, 0, 0, 1, 1, 1, 2, 0, 0, 0, 0, 0, 0, 0, 0, 0, 0, 0, 0, 0, 1, 1, 1, 1, 1, 2, 0, 0, 0, 0, 0, 0, 0, 0, 0, 0, 0, 1, 1, 1, 2, 3, 3, 3]
	z_P: [0, 0, 0, 0, 0, 0, 1, 0, 1, 1, 1, 1, 0, 0, 1, 1, 1, 1, 1, 1, 0, 1, 1, 1, 1, 1, 1, 1, 1, 1, 1, 0, 0, 1, 1, 1, 1, 1, 1, 0, 1, 1, 1, 1, 1, 1, 1, 0, 1, 1]
	z_W: [1, 1, 0, 1, 0, 0, 0, 1, 1, 0, 0, 1, 0, 1, 0, 0, 0, 0, 0, 0, 1, 0, 0, 0, 0, 1, 0, 0, 0, 0, 1, 0, 1, 0, 0, 0, 0, 0, 0, 1, 0, 0, 1, 0, 0, 1, 1, 1, 0, 1]
	b: [0.0, 0.0, 0.0, 0.0, 0.0, 0.0, 0.0, 0.0, 0.0, 0.0, 0.0, 0.0, 0.0, 4.635, 0.0, 0.0, 0.0, 0.0, 0.0, 0.0, 0.0, 0.0, 0.0, 0.0, 0.0, 0.0, 0.0, 0.0, 0.0, 0.0, 0.0, 0.0, 3.969, 0.0, 0.0, 0.0, 0.0, 0.0, 0.0, 0.0, 0.0, 0.0, 0.0, 0.0, 0.0, 0.0, 0.0, 0.326, 0.0, 0.0]
	h: [30.0, 25.42, 20.884, 15.341, 9.667, 6.306, 3.917, 0.0, 0.0, 0.0, 1.53, 5.027, 0.0, 0.0, 0.0, 0.0, 0.0, 0.0, 0.0, 3.799, 0.0, 0.0, 0.0, 0.0, 0.0, 0.0, 0.0, 0.0, 0.0, 0.0, 3.334, 0.0, 0.0, 0.0, 0.0, 0.0, 0.0, 0.0, 3.895, 0.0, 0.0, 0.0, 0.0, 0.0, 0.0, 0.715, 2.065, 0.0, 0.0, 0.0]
----------------------------
r: 17
Params
	D: [2.835, 1.964, 2.845, 7.345, 4.127, 3.306, 4.558, 4.099, 4.638, 4.703, 3.084, 3.214, 5.119, 3.017, 4.245, 3.419, 4.43, 4.798, 3.39, 5.185, 3.289, 3.219, 3.77, 4.12, 3.212, 1.04, 3.204, 4.285, 4.523, 4.084, 6.721, 4.611, 3.164, 3.996, 4.393, 4.684, 4.775, 4.556, 3.459, 5.524, 5.208, 4.051, 3.573, 4.808, 4.057, 2.96, 4.934, 3.88, 6.207, 0.6]
	W: [0.295, 0.531, 0.192, 0.068, 0.787, 0.656, 0.638, 0.576, 0.039, 0.358, 0.946, 0.06, 0.864, 0.877, 0.051, 0.652, 0.552, 0.598, 0.484, 0.283, 0.298, 0.562, 0.396, 0.789, 0.418, 0.144, 0.151, 0.055, 0.718, 0.292, 0.199, 0.831, 0.568, 0.082, 0.545, 0.159, 0.677, 0.118, 0.445, 0.888, 0.797, 0.068, 0.961, 0.659, 0.719, 0.744, 0.888, 0.134, 0.777, 0.838]
	W_P: [0.181, 0.33, 0.451, 0.551, 0.632, 0]
Solution
	x: [0.0, 0.0, 0.0, 0.0, 0.0, 0.0, 0.0, 2.881, 0.0, 4.703, 6.298, 0.0, 5.119, 7.261, 0.0, 3.419, 4.43, 4.798, 3.39, 5.185, 3.289, 3.219, 3.77, 4.12, 3.212, 4.244, 0.0, 0.0, 8.807, 4.084, 6.721, 4.611, 7.16, 0.0, 9.078, 0.0, 4.775, 4.556, 3.459, 5.524, 5.208, 4.051, 3.573, 4.808, 4.057, 2.96, 4.934, 5.687, 4.0, 1.0]
	z_PM: [0, 1, 0, 1, 0, 0, 0, 0, 0, 0, 0, 0, 0, 0, 0, 0, 0, 0, 0, 0, 0, 0, 0, 0, 0, 0, 1, 0, 0, 0, 0, 0, 0, 0, 0, 0, 0, 0, 0, 0, 0, 0, 0, 0, 0, 0, 0, 0, 0, 0]
	z_CM: [0, 0, 0, 0, 0, 0, 0, 0, 0, 0, 0, 0, 0, 0, 0, 0, 0, 0, 0, 0, 0, 0, 0, 0, 0, 0, 0, 0, 0, 0, 0, 0, 0, 0, 0, 0, 0, 0, 0, 0, 0, 0, 0, 0, 0, 0, 0, 0, 0, 0]
	s: [4, 4, 2, 2, 0, 0, 0, 0, 0, 0, 0, 0, 0, 0, 0, 0, 0, 0, 0, 0, 0, 0, 0, 0, 0, 0, 1, 0, 0, 0, 0, 0, 0, 0, 0, 0, 0, 0, 1, 1, 1, 1, 2, 2, 2, 2, 2, 2, 3, 3]
	z_P: [0, 0, 0, 0, 0, 0, 0, 1, 0, 1, 1, 0, 1, 1, 0, 1, 1, 1, 1, 1, 1, 1, 1, 1, 1, 1, 0, 0, 1, 1, 1, 1, 1, 0, 1, 0, 1, 1, 1, 1, 1, 1, 1, 1, 1, 1, 1, 1, 1, 1]
	z_W: [1, 1, 1, 1, 0, 0, 0, 0, 1, 0, 0, 1, 0, 0, 1, 0, 0, 0, 0, 0, 0, 0, 0, 0, 0, 1, 1, 1, 0, 0, 0, 0, 0, 1, 0, 1, 0, 1, 0, 0, 0, 1, 0, 0, 0, 0, 0, 1, 0, 0]
	b: [0.0, 0.0, 0.0, 0.0, 0.0, 0.0, 0.0, 0.0, 0.0, 0.0, 0.0, 0.0, 0.0, 0.0, 0.0, 0.0, 0.0, 0.0, 0.0, 0.0, 0.0, 0.0, 0.0, 0.0, 0.0, 0.0, 0.0, 4.285, 0.0, 0.0, 0.0, 0.0, 0.0, 0.0, 0.0, 0.0, 0.0, 0.0, 0.0, 0.0, 0.0, 0.0, 0.0, 0.0, 0.0, 0.0, 0.0, 0.0, 0.4, 0.0]
	h: [30.0, 28.036, 25.191, 17.846, 13.72, 10.414, 5.856, 4.638, 0.0, 0.0, 3.214, 0.0, 0.0, 4.245, 0.0, 0.0, 0.0, 0.0, 0.0, 0.0, 0.0, 0.0, 0.0, 0.0, 0.0, 3.204, 0.0, 0.0, 0.0, 0.0, 0.0, 0.0, 3.996, 0.0, 4.684, 0.0, 0.0, 0.0, 0.0, 0.0, 0.0, 0.0, 0.0, 0.0, 0.0, 0.0, 0.0, 1.807, 0.0, 0.0]
----------------------------
r: 18
Params
	D: [5.077, 3.446, 4.678, 5.041, 2.249, 4.119, 5.139, 4.677, 4.306, 3.985, 6.068, 3.955, 2.397, 3.532, 4.149, 4.353, 3.749, 4.086, 3.83, 4.851, 2.881, 3.926, 2.587, 2.88, 4.372, 3.557, 4.97, 4.057, 4.534, 5.216, 3.444, 1.709, 2.495, 2.757, 3.539, 2.767, 4.484, 4.588, 3.458, 4.533, 4.474, 6.064, 6.17, 3.647, 7.03, 3.096, 3.913, 4.822, 5.248, 5.651]
	W: [0.65, 0.505, 0.879, 0.182, 0.852, 0.75, 0.666, 0.988, 0.257, 0.028, 0.636, 0.847, 0.736, 0.021, 0.112, 0.298, 0.687, 0.862, 0.199, 0.657, 0.7, 0.352, 0.79, 0.814, 0.197, 0.949, 0.477, 0.667, 0.211, 0.808, 0.32, 0.294, 0.302, 0.828, 0.553, 0.192, 0.714, 0.64, 0.533, 0.573, 0.012, 0.695, 0.535, 0.079, 0.014, 0.278, 0.997, 0.226, 0.105, 0.016]
	W_P: [0.181, 0.33, 0.451, 0.551, 0.632, 0]
Solution
	x: [0.0, 0.0, 0.0, 0.0, 0.0, 0.0, 0.0, 0.0, 3.655, 3.985, 6.068, 3.955, 5.929, 0.0, 0.0, 8.502, 3.749, 4.086, 3.83, 4.851, 2.881, 3.926, 2.587, 2.88, 4.372, 3.557, 4.97, 4.057, 4.534, 5.216, 3.444, 1.709, 2.495, 2.757, 3.539, 2.767, 4.484, 4.588, 3.458, 9.007, 0.0, 6.064, 9.817, -0.0, 10.0, -0.0, 4.039, 4.822, 6.0, 4.0]
	z_PM: [0, 1, 0, 1, 0, 0, 1, 0, 0, 0, 0, 0, 0, 1, 0, 0, 0, 0, 0, 0, 0, 0, 0, 0, 0, 0, 0, 0, 0, 0, 0, 0, 0, 0, 0, 0, 0, 0, 0, 0, 0, 0, 0, 0, 0, 0, 0, 0, 0, 0]
	z_CM: [0, 0, 0, 0, 0, 0, 0, 0, 0, 0, 0, 0, 0, 0, 0, 0, 0, 0, 0, 0, 0, 0, 0, 0, 0, 0, 0, 0, 0, 0, 0, 0, 0, 0, 0, 0, 0, 0, 0, 0, 0, 0, 0, 0, 0, 0, 0, 0, 0, 0]
	s: [4, 4, 2, 2, 0, 0, 0, 0, 0, 0, 0, 1, 1, 1, 0, 0, 0, 0, 0, 0, 0, 0, 0, 0, 0, 0, 0, 0, 0, 0, 0, 0, 0, 0, 0, 0, 0, 0, 0, 0, 0, 0, 0, 0, 0, 0, 0, 1, 1, 2]
	z_P: [0, 0, 0, 0, 0, 0, 0, 0, 1, 1, 1, 1, 1, 0, 0, 1, 1, 1, 1, 1, 1, 1, 1, 1, 1, 1, 1, 1, 1, 1, 1, 1, 1, 1, 1, 1, 1, 1, 1, 1, 0, 1, 1, 0, 1, 0, 1, 1, 1, 1]
	z_W: [0, 1, 0, 1, 0, 0, 0, 0, 0, 1, 0, 0, 0, 1, 1, 0, 0, 0, 0, 0, 0, 0, 0, 0, 0, 0, 0, 0, 0, 0, 0, 0, 0, 0, 0, 0, 0, 0, 0, 0, 1, 0, 0, 1, 1, 1, 0, 1, 1, 1]
	b: [0.0, 0.0, 0.0, 0.0, 0.0, 0.0, 0.0, 0.0, 0.0, 0.0, 0.0, 0.0, 0.0, 0.0, 4.149, 0.0, 0.0, 0.0, 0.0, 0.0, 0.0, 0.0, 0.0, 0.0, 0.0, 0.0, 0.0, 0.0, 0.0, 0.0, 0.0, 0.0, 0.0, 0.0, 0.0, 0.0, 0.0, 0.0, 0.0, 0.0, 0.0, 0.0, 0.0, 0.0, 0.0, 0.127, 0.0, 0.0, 0.0, 0.899]
	h: [30.0, 26.554, 21.876, 16.834, 14.586, 10.467, 5.328, 0.651, 0.0, 0.0, 0.0, 0.0, 3.532, 0.0, 0.0, 0.0, 0.0, 0.0, 0.0, 0.0, 0.0, 0.0, 0.0, 0.0, 0.0, 0.0, 0.0, 0.0, 0.0, 0.0, 0.0, 0.0, 0.0, 0.0, 0.0, 0.0, 0.0, 0.0, 0.0, 4.474, 0.0, 0.0, 3.647, 0.0, 2.97, 0.0, 0.0, 0.0, 0.752, 0.0]
----------------------------
r: 19
Params
	D: [4.415, 3.298, 4.185, 4.468, 4.04, 4.716, 3.518, 3.948, 3.728, 4.308, 2.239, 5.15, 3.782, 2.779, 3.656, 5.549, 3.792, 3.758, 3.875, 4.561, 5.309, 4.948, 4.792, 3.81, 3.993, 3.325, 3.242, 2.748, 3.235, 5.327, 4.246, 4.068, 3.319, 3.879, 3.173, 2.518, 4.452, 4.458, 5.234, 2.827, 4.723, 4.313, 5.247, 2.557, 3.47, 2.911, 3.781, 4.204, 4.743, 4.442]
	W: [0.098, 0.761, 0.247, 0.138, 0.331, 0.083, 0.672, 0.807, 0.983, 0.636, 0.216, 0.549, 0.546, 0.234, 0.114, 0.5, 0.152, 0.533, 0.387, 0.688, 0.373, 0.946, 0.777, 0.608, 0.615, 0.643, 0.268, 0.75, 0.287, 0.709, 0.065, 0.69, 0.552, 0.554, 0.347, 0.173, 0.542, 0.052, 0.826, 0.711, 0.044, 0.077, 0.01, 0.994, 0.599, 0.18, 0.364, 0.864, 0.45, 0.971]
	W_P: [0.181, 0.33, 0.451, 0.551, 0.632, 0]
Solution
	x: [0.0, 0.0, 0.0, 0.0, 0.0, 0.0, 0.0, 0.0, 1.901, 4.308, 2.239, 5.15, 3.782, 6.436, 0.0, 9.341, 0.0, 3.758, 3.875, 4.561, 5.309, 4.948, 4.792, 3.81, 3.993, 3.325, 3.242, 2.748, 3.235, 5.327, 4.246, 4.068, 3.319, 3.879, 5.691, 0.0, 4.452, 5.243, 6.0, 6.0, 0.0, 0.0, 9.559, 2.557, 6.381, 0.0, 3.781, 4.204, 4.743, 4.442]
	z_PM: [0, 1, 0, 1, 0, 0, 0, 0, 0, 0, 0, 0, 0, 0, 0, 0, 0, 0, 0, 0, 0, 0, 0, 0, 0, 0, 0, 0, 0, 0, 0, 0, 0, 0, 0, 0, 0, 0, 0, 0, 1, 0, 0, 0, 0, 0, 0, 0, 0, 0]
	z_CM: [0, 0, 0, 0, 0, 0, 0, 0, 0, 0, 0, 0, 0, 0, 0, 0, 0, 0, 0, 0, 0, 0, 0, 0, 0, 0, 0, 0, 0, 0, 0, 0, 0, 0, 0, 0, 0, 0, 0, 0, 0, 0, 0, 0, 0, 0, 0, 0, 0, 0]
	s: [4, 4, 2, 2, 0, 0, 0, 0, 0, 0, 0, 0, 0, 0, 0, 0, 0, 0, 0, 0, 0, 0, 0, 0, 0, 0, 0, 0, 0, 0, 0, 1, 1, 1, 1, 1, 1, 1, 2, 2, 2, 0, 0, 1, 1, 1, 1, 1, 1, 1]
	z_P: [0, 0, 0, 0, 0, 0, 0, 0, 1, 1, 1, 1, 1, 1, 0, 1, 0, 1, 1, 1, 1, 1, 1, 1, 1, 1, 1, 1, 1, 1, 1, 1, 1, 1, 1, 0, 1, 1, 1, 1, 0, 0, 1, 1, 1, 0, 1, 1, 1, 1]
	z_W: [1, 0, 1, 1, 0, 1, 0, 0, 0, 0, 0, 0, 0, 0, 1, 0, 1, 0, 0, 0, 0, 0, 0, 0, 0, 0, 0, 0, 0, 0, 1, 0, 0, 0, 0, 1, 0, 1, 0, 0, 1, 1, 1, 0, 0, 1, 0, 0, 0, 0]
	b: [0.0, 0.0, 0.0, 0.0, 0.0, 0.0, 0.0, 0.0, 0.0, 0.0, 0.0, 0.0, 0.0, 0.0, 0.0, 0.0, 0.0, 0.0, 0.0, 0.0, 0.0, 0.0, 0.0, 0.0, 0.0, 0.0, 0.0, 0.0, 0.0, 0.0, 0.0, 0.0, 0.0, 0.0, 0.0, 0.0, 0.0, 0.0, 0.0, 0.0, 0.0, 4.313, 0.0, 0.0, 0.0, 0.0, 0.0, 0.0, 0.0, 0.0]
	h: [30.0, 26.702, 22.516, 18.048, 14.009, 9.292, 5.774, 1.827, 0.0, 0.0, 0.0, 0.0, 0.0, 3.656, 0.0, 3.792, 0.0, 0.0, 0.0, 0.0, 0.0, 0.0, 0.0, 0.0, 0.0, 0.0, 0.0, 0.0, 0.0, 0.0, 0.0, 0.0, 0.0, 0.0, 2.518, 0.0, 0.0, 0.784, 1.55, 4.723, 0.0, 0.0, 0.0, 0.0, 2.911, 0.0, 0.0, 0.0, 0.0, 0.0]
----------------------------
====================================
2021-06-20 02:01:55.881847
r: 0
Params
	D: [4.144, 5.454, 4.761, 4.122, 4.444, 4.334, 5.494, 3.795, 4.313, 3.146]
	W: [0.549, 0.715, 0.603, 0.545, 0.424, 0.646, 0.438, 0.892, 0.964, 0.383]
	W_P: [0.181, 0.33, 0.451, 0.551, 0.632, 0]
Solution
	x: [0.0, 0.0, 0.0, 0.0, 0.0, 0.0, 0.0, 2.816, 5.053, 3.686]
	z_PM: [0, 1, 0, 0, 1, 0, 0, 0, 0, 0]
	z_CM: [0, 0, 0, 0, 0, 0, 0, 0, 0, 0]
	s: [4, 4, 2, 2, 2, 0, 0, 0, 0, 0]
	z_P: [0, 0, 0, 0, 0, 0, 0, 1, 1, 1]
	z_W: [1, 0, 0, 0, 1, 0, 0, 0, 0, 0]
	b: [0.0, 0.0, 0.0, 0.0, 0.0, 0.0, 0.0, 0.0, 0.0, 0.0]
	h: [30.0, 24.546, 19.785, 15.663, 11.219, 6.885, 1.391, 0.0, 0.0, 0.0]
----------------------------
r: 1
Params
	D: [5.745, 3.239, 4.319, 3.751, 5.462, 1.94, 3.678, 3.616, 5.134, 2.9]
	W: [0.417, 0.72, 0.0, 0.302, 0.147, 0.092, 0.186, 0.346, 0.397, 0.539]
	W_P: [0.181, 0.33, 0.451, 0.551, 0.632, 0]
Solution
	x: [0.0, 0.0, 0.0, 0.0, 0.0, 0.0, 0.0, 0.0, 1.197, 3.052]
	z_PM: [0, 1, 0, 1, 0, 0, 0, 0, 0, 0]
	z_CM: [0, 0, 0, 0, 0, 0, 0, 0, 0, 0]
	s: [4, 4, 2, 2, 0, 0, 0, 0, 0, 0]
	z_P: [0, 0, 0, 0, 0, 0, 0, 0, 1, 1]
	z_W: [1, 0, 1, 1, 1, 1, 0, 0, 0, 0]
	b: [0.0, 0.0, 0.0, 0.0, 0.0, 0.0, 0.0, 0.0, 0.0, 0.0]
	h: [30.0, 26.761, 22.442, 18.692, 13.229, 11.29, 7.612, 3.996, 0.0, 0.0]
----------------------------
r: 2
Params
	D: [4.551, 6.292, 4.042, 2.882, 4.539, 3.404, 3.981, 5.175, 3.252, 4.009]
	W: [0.436, 0.026, 0.55, 0.435, 0.42, 0.33, 0.205, 0.619, 0.3, 0.267]
	W_P: [0.181, 0.33, 0.451, 0.551, 0.632, 0]
Solution
	x: [0.0, 0.0, 0.0, 0.0, 0.0, 0.0, 0.0, 0.0, 3.996, 4.492]
	z_PM: [0, 1, 0, 1, 0, 0, 0, 0, 0, 0]
	z_CM: [0, 0, 0, 0, 0, 0, 0, 0, 0, 0]
	s: [4, 4, 2, 2, 0, 0, 0, 0, 0, 0]
	z_P: [0, 0, 0, 0, 0, 0, 0, 0, 1, 1]
	z_W: [1, 1, 0, 1, 0, 0, 0, 0, 0, 0]
	b: [0.0, 0.0, 0.0, 0.0, 0.0, 0.0, 0.0, 0.315, 0.0, 0.0]
	h: [30.0, 23.708, 19.666, 16.784, 12.245, 8.841, 4.86, 0.0, 0.0, 0.0]
----------------------------
r: 3
Params
	D: [3.956, 3.523, 2.686, 4.885, 4.881, 5.71, 4.05, 3.595, 3.455, 2.454]
	W: [0.551, 0.708, 0.291, 0.511, 0.893, 0.896, 0.126, 0.207, 0.051, 0.441]
	W_P: [0.181, 0.33, 0.451, 0.551, 0.632, 0]
Solution
	x: [0.0, 0.0, 0.0, 0.0, 0.0, 0.0, 0.0, 0.0, 3.181, 2.803]
	z_PM: [0, 1, 0, 0, 1, 0, 0, 0, 0, 0]
	z_CM: [0, 0, 0, 0, 0, 0, 0, 0, 0, 0]
	s: [4, 4, 2, 2, 2, 0, 0, 0, 0, 1]
	z_P: [0, 0, 0, 0, 0, 0, 0, 0, 1, 1]
	z_W: [1, 0, 1, 0, 0, 0, 1, 0, 1, 0]
	b: [0.0, 0.0, 0.0, 0.0, 0.0, 0.0, 0.0, 0.0, 0.0, 0.0]
	h: [30.0, 26.477, 23.791, 18.906, 14.025, 8.316, 4.266, 0.67, 0.0, 0.0]
----------------------------
r: 4
Params
	D: [3.352, 4.599, 4.332, 2.853, 4.619, 3.912, 4.425, 4.332, 2.843, 4.351]
	W: [0.967, 0.547, 0.973, 0.715, 0.698, 0.216, 0.976, 0.006, 0.253, 0.435]
	W_P: [0.181, 0.33, 0.451, 0.551, 0.632, 0]
Solution
	x: [0.0, 0.0, 0.0, 0.0, 0.0, 0.0, 0.0, 0.0, 2.065, 4.694]
	z_PM: [0, 1, 0, 1, 0, 0, 0, 0, 0, 0]
	z_CM: [0, 0, 0, 0, 0, 0, 0, 0, 0, 0]
	s: [4, 4, 2, 2, 0, 0, 0, 0, 0, 0]
	z_P: [0, 0, 0, 0, 0, 0, 0, 0, 1, 1]
	z_W: [0, 1, 0, 0, 0, 0, 0, 1, 0, 0]
	b: [0.0, 0.0, 0.0, 0.0, 0.0, 0.0, 0.0, 0.0, 0.0, 0.0]
	h: [30.0, 25.401, 21.069, 18.217, 13.598, 9.686, 5.261, 0.929, 0.0, 0.0]
----------------------------
r: 5
Params
	D: [4.188, 3.67, 2.807, 3.795, 3.641, 4.603, 2.335, 3.3, 5.151, 5.857]
	W: [0.222, 0.871, 0.207, 0.919, 0.488, 0.612, 0.766, 0.518, 0.297, 0.188]
	W_P: [0.181, 0.33, 0.451, 0.551, 0.632, 0]
Solution
	x: [0.0, 0.0, 0.0, 0.0, 0.0, 0.0, 0.0, 0.0, 0.0, 5.668]
	z_PM: [0, 1, 0, 1, 0, 0, 0, 0, 0, 0]
	z_CM: [0, 0, 0, 0, 0, 0, 0, 0, 0, 0]
	s: [4, 4, 2, 2, 0, 0, 0, 0, 0, 0]
	z_P: [0, 0, 0, 0, 0, 0, 0, 0, 0, 1]
	z_W: [1, 0, 1, 0, 0, 0, 0, 0, 0, 0]
	b: [0.0, 0.0, 0.0, 0.0, 0.0, 0.0, 0.0, 0.0, 0.0, 0.0]
	h: [30.0, 26.33, 23.523, 19.728, 16.086, 11.483, 9.148, 5.848, 0.696, 0.0]
----------------------------
r: 6
Params
	D: [5.639, 3.57, 6.631, 4.602, 3.664, 5.238, 4.111, 4.129, 4.076, 3.845]
	W: [0.893, 0.332, 0.821, 0.042, 0.108, 0.595, 0.53, 0.419, 0.335, 0.623]
	W_P: [0.181, 0.33, 0.451, 0.551, 0.632, 0]
Solution
	x: [0.0, 0.0, 0.0, 0.0, 0.0, 0.0, 0.0, 2.076, 4.35, 4.103]
	z_PM: [0, 1, 0, 1, 0, 0, 0, 0, 0, 0]
	z_CM: [0, 0, 0, 0, 0, 0, 0, 0, 0, 0]
	s: [4, 4, 2, 2, 0, 0, 0, 0, 0, 0]
	z_P: [0, 0, 0, 0, 0, 0, 0, 1, 1, 1]
	z_W: [0, 1, 0, 1, 1, 0, 0, 0, 0, 0]
	b: [0.0, 0.0, 0.0, 0.0, 0.0, 0.0, 0.0, 0.0, 0.0, 0.0]
	h: [30.0, 26.43, 19.799, 15.197, 11.533, 6.295, 2.184, 0.0, 0.0, 0.0]
----------------------------
r: 7
Params
	D: [5.018, 4.6, 3.375, 3.828, 4.505, 3.739, 3.757, 2.547, 4.555, 4.124]
	W: [0.076, 0.78, 0.438, 0.723, 0.978, 0.538, 0.501, 0.072, 0.268, 0.5]
	W_P: [0.181, 0.33, 0.451, 0.551, 0.632, 0]
Solution
	x: [0.0, 0.0, 0.0, 0.0, 0.0, 0.0, 0.0, 0.0, 1.044, 4.752]
	z_PM: [0, 1, 0, 1, 0, 0, 0, 0, 0, 0]
	z_CM: [0, 0, 0, 0, 0, 0, 0, 0, 0, 0]
	s: [4, 4, 2, 2, 0, 0, 0, 0, 0, 0]
	z_P: [0, 0, 0, 0, 0, 0, 0, 0, 1, 1]
	z_W: [1, 0, 1, 0, 0, 0, 0, 1, 0, 0]
	b: [0.0, 0.0, 0.0, 0.0, 0.0, 0.0, 0.0, 0.0, 0.0, 0.0]
	h: [30.0, 25.4, 22.025, 18.196, 13.691, 9.953, 6.195, 3.649, 0.0, 0.0]
----------------------------
r: 8
Params
	D: [5.728, 6.205, 4.795, 4.976, 2.817, 5.916, 2.877, 3.336, 3.622, 3.208]
	W: [0.873, 0.969, 0.869, 0.531, 0.233, 0.011, 0.43, 0.402, 0.523, 0.478]
	W_P: [0.181, 0.33, 0.451, 0.551, 0.632, 0]
Solution
	x: [0.0, 0.0, 0.0, 0.0, 0.0, 0.0, 0.0, 1.1, 4.323, 3.83]
	z_PM: [0, 1, 0, 1, 0, 0, 0, 0, 0, 0]
	z_CM: [0, 0, 0, 0, 0, 0, 0, 0, 0, 0]
	s: [4, 4, 2, 2, 0, 0, 0, 0, 0, 0]
	z_P: [0, 0, 0, 0, 0, 0, 0, 1, 1, 1]
	z_W: [0, 0, 0, 0, 0, 1, 0, 0, 0, 0]
	b: [0.0, 0.0, 0.0, 0.0, 0.0, 0.0, 0.0, 0.0, 0.0, 0.0]
	h: [30.0, 23.795, 19.001, 14.024, 11.208, 5.291, 2.415, 0.0, 0.0, 0.0]
----------------------------
r: 9
Params
	D: [4.636, 5.74, 4.297, 4.708, 5.823, 4.431, 5.543, 3.099, 3.863, 5.298]
	W: [0.01, 0.502, 0.496, 0.134, 0.142, 0.219, 0.419, 0.248, 0.084, 0.345]
	W_P: [0.181, 0.33, 0.451, 0.551, 0.632, 0]
Solution
	x: [0.0, 0.0, 0.0, 0.0, 0.0, 0.0, 1.0, 2.77, 4.001, 5.487]
	z_PM: [0, 1, 0, 1, 0, 0, 0, 0, 0, 0]
	z_CM: [0, 0, 0, 0, 0, 0, 0, 0, 0, 0]
	s: [4, 4, 2, 2, 0, 0, 0, 0, 0, 1]
	z_P: [0, 0, 0, 0, 0, 0, 1, 1, 1, 1]
	z_W: [1, 1, 0, 1, 1, 0, 0, 0, 1, 0]
	b: [0.0, 0.0, 0.0, 0.0, 0.0, 0.0, 0.0, 0.0, 0.0, 0.0]
	h: [30.0, 24.26, 19.963, 15.256, 9.433, 5.002, 0.425, 0.0, 0.0, 0.0]
----------------------------
r: 10
Params
	D: [4.266, 4.109, 4.004, 3.825, 4.433, 5.203, 3.035, 5.028, 4.229, 4.445]
	W: [0.771, 0.021, 0.634, 0.749, 0.499, 0.225, 0.198, 0.761, 0.169, 0.088]
	W_P: [0.181, 0.33, 0.451, 0.551, 0.632, 0]
Solution
	x: [0.0, 0.0, 0.0, 0.0, 0.0, 0.0, 0.0, 0.0, 4.275, 4.915]
	z_PM: [0, 1, 0, 0, 1, 0, 0, 0, 0, 0]
	z_CM: [0, 0, 0, 0, 0, 0, 0, 0, 0, 0]
	s: [4, 4, 2, 2, 2, 0, 0, 0, 0, 1]
	z_P: [0, 0, 0, 0, 0, 0, 0, 0, 1, 1]
	z_W: [0, 1, 0, 0, 0, 0, 0, 0, 1, 1]
	b: [0.0, 0.0, 0.0, 0.0, 0.0, 0.0, 0.0, 0.0, 0.0, 0.0]
	h: [30.0, 25.891, 21.887, 18.062, 13.629, 8.426, 5.391, 0.362, 0.0, 0.0]
----------------------------
r: 11
Params
	D: [3.463, 4.315, 4.421, 2.934, 3.114, 3.524, 4.69, 4.561, 2.694, 2.881]
	W: [0.18, 0.019, 0.463, 0.725, 0.42, 0.485, 0.013, 0.487, 0.942, 0.851]
	W_P: [0.181, 0.33, 0.451, 0.551, 0.632, 0]
Solution
	x: [0.0, 0.0, 0.0, 0.0, 0.0, 0.0, 0.0, 0.0, 0.0, 3.7]
	z_PM: [0, 1, 0, 1, 0, 0, 0, 0, 0, 0]
	z_CM: [0, 0, 0, 0, 0, 0, 0, 0, 0, 0]
	s: [4, 4, 2, 2, 0, 0, 0, 0, 0, 0]
	z_P: [0, 0, 0, 0, 0, 0, 0, 0, 0, 1]
	z_W: [1, 1, 0, 0, 0, 0, 1, 0, 0, 0]
	b: [0.0, 0.0, 0.0, 0.0, 0.0, 0.0, 0.0, 0.0, 0.254, 0.0]
	h: [30.0, 25.685, 21.264, 18.329, 15.215, 11.691, 7.001, 2.44, 0.0, 0.0]
----------------------------
r: 12
Params
	D: [4.753, 2.465, 4.005, 3.88, 3.193, 6.872, 3.402, 4.472, 5.096, 2.785]
	W: [0.154, 0.74, 0.263, 0.534, 0.015, 0.919, 0.901, 0.033, 0.957, 0.137]
	W_P: [0.181, 0.33, 0.451, 0.551, 0.632, 0]
Solution
	x: [0.0, 0.0, 0.0, 0.0, 0.0, 0.0, 0.0, 0.0, 3.774, 3.104]
	z_PM: [0, 1, 0, 0, 1, 0, 0, 0, 0, 0]
	z_CM: [0, 0, 0, 0, 0, 0, 0, 0, 0, 0]
	s: [4, 4, 2, 2, 2, 0, 0, 0, 0, 0]
	z_P: [0, 0, 0, 0, 0, 0, 0, 0, 1, 1]
	z_W: [1, 0, 1, 0, 1, 0, 0, 1, 0, 1]
	b: [0.0, 0.0, 0.0, 0.0, 0.0, 0.0, 0.0, 0.0, 0.0, 0.0]
	h: [30.0, 27.535, 23.53, 19.65, 16.457, 9.585, 6.183, 1.71, 0.0, 0.0]
----------------------------
r: 13
Params
	D: [5.479, 2.955, 3.211, 2.738, 4.563, 3.757, 4.914, 4.317, 4.127, 6.15]
	W: [0.778, 0.238, 0.824, 0.966, 0.973, 0.453, 0.609, 0.776, 0.642, 0.722]
	W_P: [0.181, 0.33, 0.451, 0.551, 0.632, 0]
Solution
	x: [0.0, 0.0, 0.0, 0.0, 0.0, 0.0, 0.0, 0.0, 1.0, 6.497]
	z_PM: [0, 1, 0, 1, 0, 0, 0, 0, 0, 0]
	z_CM: [0, 0, 0, 0, 0, 0, 0, 0, 0, 0]
	s: [4, 4, 2, 2, 0, 0, 0, 0, 0, 0]
	z_P: [0, 0, 0, 0, 0, 0, 0, 0, 1, 1]
	z_W: [0, 1, 0, 0, 0, 0, 0, 0, 0, 0]
	b: [0.0, 0.0, 0.0, 0.0, 0.0, 0.0, 0.0, 0.0, 0.0, 0.0]
	h: [30.0, 27.045, 23.834, 21.096, 16.533, 12.776, 7.863, 3.545, 0.316, 0.0]
----------------------------
r: 14
Params
	D: [3.442, 5.085, 3.814, 4.015, 2.924, 4.642, 3.82, 4.62, 4.811, 4.778]
	W: [0.514, 0.773, 0.87, 0.008, 0.31, 0.958, 0.513, 0.318, 0.539, 0.221]
	W_P: [0.181, 0.33, 0.451, 0.551, 0.632, 0]
Solution
	x: [0.0, 0.0, 0.0, 0.0, 0.0, 0.0, 0.0, 0.0, 3.931, 5.034]
	z_PM: [0, 1, 0, 1, 0, 0, 0, 0, 0, 0]
	z_CM: [0, 0, 0, 0, 0, 0, 0, 0, 0, 0]
	s: [4, 4, 2, 2, 0, 0, 0, 0, 0, 0]
	z_P: [0, 0, 0, 0, 0, 0, 0, 0, 1, 1]
	z_W: [1, 0, 0, 1, 0, 0, 0, 0, 0, 0]
	b: [0.0, 0.0, 0.0, 0.0, 0.0, 0.0, 0.0, 0.0, 0.0, 0.0]
	h: [30.0, 24.915, 21.102, 17.087, 14.163, 9.52, 5.701, 1.08, 0.0, 0.0]
----------------------------
r: 15
Params
	D: [3.799, 4.355, 4.69, 4.411, 3.435, 4.599, 3.837, 5.6, 4.682, 4.015]
	W: [0.849, 0.179, 0.054, 0.362, 0.275, 0.53, 0.306, 0.304, 0.112, 0.25]
	W_P: [0.181, 0.33, 0.451, 0.551, 0.632, 0]
Solution
	x: [0.0, 0.0, 0.0, 0.0, 0.0, 0.0, 0.0, 1.095, 5.529, 4.741]
	z_PM: [0, 1, 0, 1, 0, 0, 0, 0, 0, 0]
	z_CM: [0, 0, 0, 0, 0, 0, 0, 0, 0, 0]
	s: [4, 4, 2, 2, 0, 0, 0, 0, 0, 1]
	z_P: [0, 0, 0, 0, 0, 0, 0, 1, 1, 1]
	z_W: [0, 1, 1, 1, 0, 0, 0, 0, 1, 1]
	b: [0.0, 0.0, 0.0, 0.0, 0.0, 0.0, 0.0, 0.0, 0.0, 0.0]
	h: [30.0, 25.645, 20.955, 16.545, 13.11, 8.51, 4.673, 0.0, 0.0, 0.0]
----------------------------
r: 16
Params
	D: [3.213, 4.119, 3.243, 4.493, 3.161, 2.985, 3.657, 5.884, 3.729, 2.548]
	W: [0.223, 0.523, 0.551, 0.046, 0.361, 0.223, 0.689, 0.164, 0.07, 0.941]
	W_P: [0.181, 0.33, 0.451, 0.551, 0.632, 0]
Solution
	x: [0.0, 0.0, 0.0, 0.0, 0.0, 0.0, 0.0, 0.0, 1.498, 3.001]
	z_PM: [0, 1, 0, 1, 0, 0, 0, 0, 0, 0]
	z_CM: [0, 0, 0, 0, 0, 0, 0, 0, 0, 0]
	s: [4, 4, 2, 2, 0, 0, 0, 0, 0, 1]
	z_P: [0, 0, 0, 0, 0, 0, 0, 0, 1, 1]
	z_W: [1, 1, 0, 1, 0, 0, 0, 1, 1, 0]
	b: [0.0, 0.0, 0.0, 0.0, 0.0, 0.0, 0.0, 0.0, 0.0, 0.0]
	h: [30.0, 25.881, 22.638, 18.145, 14.984, 11.999, 8.342, 2.457, 0.0, 0.0]
----------------------------
r: 17
Params
	D: [4.149, 3.562, 6.171, 5.152, 2.181, 3.862, 4.54, 2.225, 5.315, 3.527]
	W: [0.295, 0.531, 0.192, 0.068, 0.787, 0.656, 0.638, 0.576, 0.039, 0.358]
	W_P: [0.181, 0.33, 0.451, 0.551, 0.632, 0]
Solution
	x: [0.0, 0.0, 0.0, 0.0, 0.0, 0.0, 0.0, 0.0, 3.375, 3.956]
	z_PM: [0, 1, 0, 1, 0, 0, 0, 0, 0, 0]
	z_CM: [0, 0, 0, 0, 0, 0, 0, 0, 0, 0]
	s: [4, 4, 2, 2, 0, 0, 0, 0, 0, 1]
	z_P: [0, 0, 0, 0, 0, 0, 0, 0, 1, 1]
	z_W: [1, 1, 1, 1, 0, 0, 0, 0, 1, 0]
	b: [0.0, 0.0, 0.0, 0.0, 0.0, 0.0, 0.0, 0.0, 0.0, 0.0]
	h: [30.0, 26.438, 20.267, 15.114, 12.933, 9.071, 4.531, 2.307, 0.0, 0.0]
----------------------------
r: 18
Params
	D: [5.009, 4.394, 3.664, 3.354, 4.805, 4.416, 4.575, 2.898, 3.005, 5.346]
	W: [0.65, 0.505, 0.879, 0.182, 0.852, 0.75, 0.666, 0.988, 0.257, 0.028]
	W_P: [0.181, 0.33, 0.451, 0.551, 0.632, 0]
Solution
	x: [0.0, 0.0, 0.0, 0.0, 0.0, 0.0, 0.0, 0.0, 1.189, 5.716]
	z_PM: [0, 1, 0, 1, 0, 0, 0, 0, 0, 0]
	z_CM: [0, 0, 0, 0, 0, 0, 0, 0, 0, 0]
	s: [4, 4, 2, 2, 0, 0, 0, 0, 0, 0]
	z_P: [0, 0, 0, 0, 0, 0, 0, 0, 1, 1]
	z_W: [0, 1, 0, 1, 0, 0, 0, 0, 0, 1]
	b: [0.0, 0.0, 0.0, 0.0, 0.0, 0.0, 0.0, 0.0, 0.0, 0.0]
	h: [30.0, 25.606, 21.942, 18.588, 13.783, 9.366, 4.792, 1.893, 0.0, 0.0]
----------------------------
r: 19
Params
	D: [4.252, 2.537, 2.452, 4.265, 3.999, 2.984, 4.112, 2.808, 5.556, 3.067]
	W: [0.098, 0.761, 0.247, 0.138, 0.331, 0.083, 0.672, 0.807, 0.983, 0.636]
	W_P: [0.181, 0.33, 0.451, 0.551, 0.632, 0]
Solution
	x: [0.0, 0.0, 0.0, 0.0, 0.0, 0.0, 0.0, 0.0, 0.0, 2.008]
	z_PM: [0, 1, 0, 1, 0, 0, 0, 0, 0, 0]
	z_CM: [0, 0, 0, 0, 0, 0, 0, 0, 0, 0]
	s: [4, 4, 2, 2, 0, 0, 0, 0, 0, 0]
	z_P: [0, 0, 0, 0, 0, 0, 0, 0, 0, 1]
	z_W: [1, 0, 1, 1, 0, 1, 0, 0, 0, 0]
	b: [0.0, 0.0, 0.0, 0.0, 0.0, 0.0, 0.0, 0.0, 0.0, 0.0]
	h: [30.0, 27.463, 25.011, 20.746, 16.747, 13.763, 9.651, 6.842, 1.287, 0.0]
----------------------------
====================================
2021-06-20 02:02:00.984784
r: 0
Params
	D: [4.144, 5.454, 4.761, 4.122, 4.444, 4.334, 5.494, 3.795, 4.313, 3.146]
	W: [0.549, 0.715, 0.603, 0.545, 0.424, 0.646, 0.438, 0.892, 0.964, 0.383]
	W_P: [0.181, 0.33, 0.451, 0.551, 0.632, 0]
Solution
	x: [0.0, 0.0, 0.0, 0.0, 0.0, 0.0, 0.0, 2.816, 5.053, 3.686]
	z_PM: [0, 1, 0, 0, 1, 0, 0, 0, 0, 0]
	z_CM: [0, 0, 0, 0, 0, 0, 0, 0, 0, 0]
	s: [4, 4, 2, 2, 2, 0, 0, 0, 0, 0]
	z_P: [0, 0, 0, 0, 0, 0, 0, 1, 1, 1]
	z_W: [1, 0, 0, 0, 1, 0, 0, 0, 0, 0]
	b: [0.0, 0.0, 0.0, 0.0, 0.0, 0.0, 0.0, 0.0, 0.0, 0.0]
	h: [30.0, 24.546, 19.785, 15.663, 11.219, 6.885, 1.391, 0.0, 0.0, 0.0]
----------------------------
====================================
2021-06-20 02:05:57.090596
r: 0
Params
	D: [4.144, 5.454, 4.761, 4.122, 4.444, 4.334, 5.494, 3.795, 4.313, 3.146]
	W: [0.549, 0.715, 0.603, 0.545, 0.424, 0.646, 0.438, 0.892, 0.964, 0.383]
	W_P: [0.181, 0.33, 0.451, 0.551, 0.632, 0]
Solution
	Obj: 328.46835852112036	x: [0.0, 0.0, 0.0, 0.0, 0.0, 0.0, 0.0, 2.816, 5.053, 3.686]
	z_PM: [0, 1, 0, 0, 1, 0, 0, 0, 0, 0]
	z_CM: [0, 0, 0, 0, 0, 0, 0, 0, 0, 0]
	s: [4, 4, 2, 2, 2, 0, 0, 0, 0, 0]
	z_P: [0, 0, 0, 0, 0, 0, 0, 1, 1, 1]
	z_W: [1, 0, 0, 0, 1, 0, 0, 0, 0, 0]
	b: [0.0, 0.0, 0.0, 0.0, 0.0, 0.0, 0.0, 0.0, 0.0, 0.0]
	h: [30.0, 24.546, 19.785, 15.663, 11.219, 6.885, 1.391, 0.0, 0.0, 0.0]
----------------------------
====================================
2021-06-20 02:06:12.332950
r: 0
Params
	D: [4.144, 5.454, 4.761, 4.122, 4.444, 4.334, 5.494, 3.795, 4.313, 3.146]
	W: [0.549, 0.715, 0.603, 0.545, 0.424, 0.646, 0.438, 0.892, 0.964, 0.383]
	W_P: [0.181, 0.33, 0.451, 0.551, 0.632, 0]
Solution
	Obj: 328.46835852112036
	x: [0.0, 0.0, 0.0, 0.0, 0.0, 0.0, 0.0, 2.816, 5.053, 3.686]
	z_PM: [0, 1, 0, 0, 1, 0, 0, 0, 0, 0]
	z_CM: [0, 0, 0, 0, 0, 0, 0, 0, 0, 0]
	s: [4, 4, 2, 2, 2, 0, 0, 0, 0, 0]
	z_P: [0, 0, 0, 0, 0, 0, 0, 1, 1, 1]
	z_W: [1, 0, 0, 0, 1, 0, 0, 0, 0, 0]
	b: [0.0, 0.0, 0.0, 0.0, 0.0, 0.0, 0.0, 0.0, 0.0, 0.0]
	h: [30.0, 24.546, 19.785, 15.663, 11.219, 6.885, 1.391, 0.0, 0.0, 0.0]
----------------------------
====================================
2021-06-20 02:06:55.184833
r: 0
Params
	D: [4.144, 5.454, 4.761, 4.122, 4.444, 4.334, 5.494, 3.795, 4.313, 3.146]
	W: [0.549, 0.715, 0.603, 0.545, 0.424, 0.646, 0.438, 0.892, 0.964, 0.383]
	W_P: [0.181, 0.33, 0.451, 0.551, 0.632, 0]
Solution
	Obj: 328.468
	x: [0.0, 0.0, 0.0, 0.0, 0.0, 0.0, 0.0, 2.816, 5.053, 3.686]
	z_PM: [0, 1, 0, 0, 1, 0, 0, 0, 0, 0]
	z_CM: [0, 0, 0, 0, 0, 0, 0, 0, 0, 0]
	s: [4, 4, 2, 2, 2, 0, 0, 0, 0, 0]
	z_P: [0, 0, 0, 0, 0, 0, 0, 1, 1, 1]
	z_W: [1, 0, 0, 0, 1, 0, 0, 0, 0, 0]
	b: [0.0, 0.0, 0.0, 0.0, 0.0, 0.0, 0.0, 0.0, 0.0, 0.0]
	h: [30.0, 24.546, 19.785, 15.663, 11.219, 6.885, 1.391, 0.0, 0.0, 0.0]
----------------------------
====================================
2021-06-20 02:09:41.998579
r: 0
Params
	D: [4.144, 5.454, 4.761, 4.122, 4.444, 4.334, 5.494, 3.795, 4.313, 3.146]
	W: [0.549, 0.715, 0.603, 0.545, 0.424, 0.646, 0.438, 0.892, 0.964, 0.383]
	W_P: [0.181, 0.33, 0.451, 0.551, 0.632, 0]
Solution
	Obj: 328.468
	x: [0.0, 0.0, 0.0, 0.0, 0.0, 0.0, 0.0, 2.65, 5.264, 3.447]
	z_PM: [0, 1, 0, 0, 1, 0, 0, 0, 0, 0]
	z_CM: [0, 0, 0, 0, 0, 0, 0, 0, 0, 0]
	s: [4, 4, 2, 2, 2, 0, 0, 0, 0, 0]
	z_P: [0, 0, 0, 0, 0, 0, 0, 1, 1, 1]
	z_W: [1, 0, 0, 0, 1, 0, 0, 0, 0, 0]
	b: [0.0, 0.0, 0.0, 0.0, 0.0, 0.0, 0.0, 0.0, 0.0, 0.0]
	h: [30.0, 24.546, 19.785, 15.663, 11.219, 6.885, 1.391, 0.0, 0.0, 0.0]
----------------------------
====================================
2021-06-20 02:11:08.240712
r: 0
Params
	A: [0.854, 0.967, 0.902, 0.891, 0.873, 0.933, 0.896, 0.907, 0.819, 0.913]	D: [4.144, 5.454, 4.761, 4.122, 4.444, 4.334, 5.494, 3.795, 4.313, 3.146]
	W: [0.549, 0.715, 0.603, 0.545, 0.424, 0.646, 0.438, 0.892, 0.964, 0.383]
	W_P: [0.181, 0.33, 0.451, 0.551, 0.632, 0]
Solution
	Obj: 328.468
	x: [0.0, 0.0, 0.0, 0.0, 0.0, 0.0, 0.0, 2.65, 5.264, 3.447]
	z_PM: [0, 1, 0, 0, 1, 0, 0, 0, 0, 0]
	z_CM: [0, 0, 0, 0, 0, 0, 0, 0, 0, 0]
	s: [4, 4, 2, 2, 2, 0, 0, 0, 0, 0]
	z_P: [0, 0, 0, 0, 0, 0, 0, 1, 1, 1]
	z_W: [1, 0, 0, 0, 1, 0, 0, 0, 0, 0]
	b: [0.0, 0.0, 0.0, 0.0, 0.0, 0.0, 0.0, 0.0, 0.0, 0.0]
	h: [30.0, 24.546, 19.785, 15.663, 11.219, 6.885, 1.391, 0.0, 0.0, 0.0]
----------------------------
====================================
2021-06-20 02:11:25.067831
r: 0
Params
	A: [0.854, 0.967, 0.902, 0.891, 0.873, 0.933, 0.896, 0.907, 0.819, 0.913]
	D: [4.144, 5.454, 4.761, 4.122, 4.444, 4.334, 5.494, 3.795, 4.313, 3.146]
	W: [0.549, 0.715, 0.603, 0.545, 0.424, 0.646, 0.438, 0.892, 0.964, 0.383]
	W_P: [0.181, 0.33, 0.451, 0.551, 0.632, 0]
Solution
	Obj: 328.468
	x: [0.0, 0.0, 0.0, 0.0, 0.0, 0.0, 0.0, 2.65, 5.264, 3.447]
	z_PM: [0, 1, 0, 0, 1, 0, 0, 0, 0, 0]
	z_CM: [0, 0, 0, 0, 0, 0, 0, 0, 0, 0]
	s: [4, 4, 2, 2, 2, 0, 0, 0, 0, 0]
	z_P: [0, 0, 0, 0, 0, 0, 0, 1, 1, 1]
	z_W: [1, 0, 0, 0, 1, 0, 0, 0, 0, 0]
	b: [0.0, 0.0, 0.0, 0.0, 0.0, 0.0, 0.0, 0.0, 0.0, 0.0]
	h: [30.0, 24.546, 19.785, 15.663, 11.219, 6.885, 1.391, 0.0, 0.0, 0.0]
----------------------------
====================================
2021-06-20 02:14:17.611165
r: 0
Params
	A: [0.8, 0.8, 0.8, 0.8, 0.8, 0.8, 0.8, 0.8, 0.8, 0.8]
	D: [6, 6, 6, 6, 6, 6, 6, 6, 6, 6]
	W: [0.01, 0.01, 0.01, 0.01, 0.01, 0.01, 0.01, 0.01, 0.01, 0.01]
	W_P: [0.181, 0.33, 0.451, 0.551, 0.632, 0]
Solution
	Obj: 290.0
	x: [0.0, 0.0, 0.0, 0.0, 0.0, 0.0, 8.5, 8.0, 6.0, 4.0]
	z_PM: [0, 1, 0, 1, 0, 0, 0, 0, 0, 0]
	z_CM: [0, 0, 0, 0, 0, 0, 0, 0, 0, 0]
	s: [4, 4, 2, 2, 0, 0, 0, 1, 2, 3]
	z_P: [0, 0, 0, 0, 0, 0, 1, 1, 1, 1]
	z_W: [1, 1, 1, 1, 1, 1, 1, 1, 1, 1]
	b: [0.0, 0.0, 0.0, 0.0, 0.0, 0.0, 0.0, 0.0, 0.0, 2.8]
	h: [30.0, 24.0, 18.0, 12.0, 6.0, 0.0, 0.8, 1.2, 0.0, 0.0]
----------------------------
====================================
2021-06-20 02:15:09.498741
r: 0
Params
	A: [0.8, 0.8, 0.8, 0.8, 0.8, 0.8, 0.8, 0.8, 0.8, 0.8]
	D: [6, 6, 6, 6, 6, 6, 6, 6, 6, 6]
	W: [0.01, 0.01, 0.01, 0.01, 0.01, 0.01, 0.01, 0.01, 0.01, 0.01]
	W_P: [0.181, 0.33, 0.451, 0.551, 0.632, 0]
Solution
	Obj: 910.0
	x: [0.0, 0.0, 0.0, 0.0, 0.0, 10.0, 8.0, 6.0, 4.0, 2.0]
	z_PM: [0, 1, 0, 1, 0, 0, 0, 0, 0, 0]
	z_CM: [0, 0, 0, 0, 0, 0, 0, 0, 0, 0]
	s: [4, 4, 2, 2, 0, 0, 1, 2, 3, 4]
	z_P: [0, 0, 0, 0, 0, 1, 1, 1, 1, 1]
	z_W: [1, 1, 1, 1, 1, 1, 1, 1, 1, 1]
	b: [0.0, 6.0, 12.0, 18.0, 24.0, 22.0, 21.6, 22.8, 25.6, 30.0]
	h: [0.0, 0.0, 0.0, 0.0, 0.0, 0.0, 0.0, 0.0, 0.0, 0.0]
----------------------------
====================================
2021-06-20 02:15:26.179564
r: 0
Params
	A: [0.854, 0.967, 0.902, 0.891, 0.873, 0.933, 0.896, 0.907, 0.819, 0.913]
	D: [4.144, 5.454, 4.761, 4.122, 4.444, 4.334, 5.494, 3.795, 4.313, 3.146]
	W: [0.549, 0.715, 0.603, 0.545, 0.424, 0.646, 0.438, 0.892, 0.964, 0.383]
	W_P: [0.181, 0.33, 0.451, 0.551, 0.632, 0]
Solution
	Obj: 395.586
	x: [0.0, 0.0, 0.0, 0.0, 0.0, 10.0, 10.0, 10.0, 10.0, 4.728]
	z_PM: [0, 1, 0, 1, 0, 0, 0, 0, 0, 0]
	z_CM: [0, 0, 0, 0, 0, 0, 0, 0, 0, 0]
	s: [4, 4, 2, 2, 0, 0, 0, 0, 0, 0]
	z_P: [0, 0, 0, 0, 0, 1, 1, 1, 1, 1]
	z_W: [1, 0, 0, 0, 0, 0, 0, 0, 0, 0]
	b: [0.0, 5.454, 10.215, 14.337, 18.781, 13.786, 10.325, 5.049, 1.169, 0.0]
	h: [0.0, 0.0, 0.0, 0.0, 0.0, 0.0, 0.0, 0.0, 0.0, 0.0]
----------------------------
====================================
2021-06-20 02:21:03.171276
r: 0
Params
	A: [0.864, 0.892, 0.887, 0.896, 0.875, 0.909, 0.948, 0.848, 0.902, 0.851, 0.925, 0.889, 0.907, 0.861, 0.854, 0.899, 0.884, 0.965, 0.931, 0.929, 0.956, 0.841, 0.905, 0.909, 0.972, 0.876, 0.869, 0.845, 0.818, 0.962, 0.919, 0.934, 0.875, 0.909, 0.836, 0.899, 0.979, 0.95, 0.882, 0.972, 0.868, 0.968, 0.966, 0.937, 0.914, 0.95, 0.877, 0.945, 0.913, 0.816, 0.883, 0.854, 0.981, 0.898, 0.9, 0.915, 0.886, 0.852, 0.94, 0.862, 0.901, 0.867, 0.844, 0.948, 0.977, 0.972, 0.957, 0.933, 0.882, 0.84, 0.89, 0.868, 0.851, 0.833, 0.926, 0.815, 0.932, 0.854, 0.84, 0.842, 0.919, 0.87, 0.892, 0.906, 0.947, 0.926, 0.874, 0.851, 0.833, 0.878, 0.872, 0.896, 0.92, 0.922, 0.875, 0.887, 0.86, 0.935, 0.834, 0.922]
	D: [2.835, 4.901, 4.466, 2.464, 5.488, 5.896, 5.179, 3.82, 2.929, 5.054, 3.597, 5.222, 4.208, 4.977, 4.356, 4.707, 4.011, 5.786, 4.127, 4.402, 5.883, 2.652, 2.73, 4.969, 2.827, 5.944, 3.586, 3.253, 5.923, 5.481, 5.868, 4.906, 3.139, 5.91, 3.732, 4.802, 4.947, 3.845, 4.614, 4.922, 4.376, 2.901, 4.298, 5.326, 3.305, 3.85, 3.565, 5.849, 4.672, 4.407, 3.23, 4.539, 3.326, 4.032, 3.364, 4.676, 4.577, 3.792, 4.396, 2.907, 2.509, 4.439, 4.167, 4.635, 6.383, 4.944, 3.087, 5.117, 2.684, 3.538, 3.932, 5.713, 3.255, 3.174, 3.902, 3.337, 5.127, 2.92, 2.853, 3.562, 3.502, 5.93, 4.949, 4.088, 2.775, 4.844, 3.0, 2.455, 5.188, 4.317, 4.921, 4.319, 4.857, 3.349, 2.966, 4.682, 3.197, 3.31, 3.544, 4.017]
	W: [0.549, 0.715, 0.603, 0.545, 0.424, 0.646, 0.438, 0.892, 0.964, 0.383, 0.792, 0.529, 0.568, 0.926, 0.071, 0.087, 0.02, 0.833, 0.778, 0.87, 0.979, 0.799, 0.461, 0.781, 0.118, 0.64, 0.143, 0.945, 0.522, 0.415, 0.265, 0.774, 0.456, 0.568, 0.019, 0.618, 0.612, 0.617, 0.944, 0.682, 0.36, 0.437, 0.698, 0.06, 0.667, 0.671, 0.21, 0.129, 0.315, 0.364, 0.57, 0.439, 0.988, 0.102, 0.209, 0.161, 0.653, 0.253, 0.466, 0.244, 0.159, 0.11, 0.656, 0.138, 0.197, 0.369, 0.821, 0.097, 0.838, 0.096, 0.976, 0.469, 0.977, 0.605, 0.739, 0.039, 0.283, 0.12, 0.296, 0.119, 0.318, 0.414, 0.064, 0.692, 0.567, 0.265, 0.523, 0.094, 0.576, 0.929, 0.319, 0.667, 0.132, 0.716, 0.289, 0.183, 0.587, 0.02, 0.829, 0.005]
	W_P: [0.181, 0.33, 0.451, 0.551, 0.632, 0]
Solution
	Obj: 627.588
	x: [0.0, 0.0, 0.0, 0.0, 0.0, 10.0, 10.0, 10.0, 8.97, 5.937, 3.89, 5.875, 4.641, 6.557, 10.0, 0.0, 0.0, 10.0, 4.43, 4.738, 6.153, 3.154, 3.015, 8.578, 0.0, 10.0, 0.0, 4.756, 7.24, 5.694, 6.386, 5.25, 3.587, 10.0, 0.0, 5.958, 5.054, 4.046, 5.23, 5.063, 5.042, 2.996, 9.966, 0.0, 3.616, 4.054, 10.0, 0.0, 5.831, 5.4, 3.657, 5.313, 7.5, 0.0, 8.937, 0.0, 5.166, 4.449, 4.675, 3.374, 6.026, 8.0, 0.0, 0.0, 10.0, 5.087, 3.227, 8.363, 0.0, 0.0, 8.391, 6.581, 3.823, 3.811, 7.817, 0.0, 8.631, 0.0, 7.638, 0.0, 3.811, 6.815, 5.55, 4.512, 3.389, 8.0, 0.0, 0.0, 9.173, 4.919, 5.641, 4.823, 5.277, 6.849, 0.0, 5.277, 3.716, 3.765, 4.0, 4.0]
	z_PM: [0, 1, 0, 1, 0, 0, 0, 0, 0, 0, 0, 0, 0, 0, 0, 1, 0, 0, 0, 0, 0, 0, 0, 0, 0, 0, 0, 0, 0, 0, 0, 0, 0, 0, 0, 0, 0, 0, 0, 0, 0, 0, 0, 0, 0, 0, 0, 0, 0, 0, 0, 0, 0, 0, 0, 0, 0, 0, 0, 0, 0, 0, 1, 0, 0, 0, 0, 0, 1, 0, 0, 0, 0, 0, 0, 0, 0, 0, 0, 0, 0, 0, 0, 0, 0, 0, 1, 0, 0, 0, 0, 0, 0, 0, 0, 0, 0, 0, 0, 0]
	z_CM: [0, 0, 0, 0, 0, 0, 0, 0, 0, 0, 0, 0, 0, 0, 0, 0, 0, 0, 0, 0, 0, 0, 0, 0, 0, 0, 0, 0, 0, 0, 0, 0, 0, 0, 0, 0, 0, 0, 0, 0, 0, 0, 0, 0, 0, 0, 0, 0, 0, 0, 0, 0, 0, 0, 0, 0, 0, 0, 0, 0, 0, 0, 0, 0, 0, 0, 0, 0, 0, 0, 0, 0, 0, 0, 0, 0, 0, 0, 0, 0, 0, 0, 0, 0, 0, 0, 0, 0, 0, 0, 0, 0, 0, 0, 0, 0, 0, 0, 0, 0]
	s: [4, 4, 2, 2, 0, 0, 0, 0, 0, 0, 0, 0, 0, 0, 0, 1, 0, 0, 0, 0, 0, 0, 0, 0, 0, 0, 0, 0, 0, 0, 0, 0, 0, 0, 0, 0, 0, 0, 0, 0, 0, 0, 0, 0, 0, 0, 0, 0, 0, 0, 0, 0, 0, 0, 0, 0, 0, 0, 0, 0, 0, 1, 2, 0, 0, 0, 0, 0, 1, 0, 0, 0, 0, 0, 0, 0, 0, 0, 0, 0, 0, 0, 0, 1, 1, 1, 2, 0, 0, 0, 0, 0, 0, 1, 1, 1, 2, 2, 3, 3]
	z_P: [0, 0, 0, 0, 0, 1, 1, 1, 1, 1, 1, 1, 1, 1, 1, 0, 0, 1, 1, 1, 1, 1, 1, 1, 0, 1, 0, 1, 1, 1, 1, 1, 1, 1, 0, 1, 1, 1, 1, 1, 1, 1, 1, 0, 1, 1, 1, 0, 1, 1, 1, 1, 1, 0, 1, 0, 1, 1, 1, 1, 1, 1, 0, 0, 1, 1, 1, 1, 0, 0, 1, 1, 1, 1, 1, 0, 1, 0, 1, 0, 1, 1, 1, 1, 1, 1, 0, 0, 1, 1, 1, 1, 1, 1, 0, 1, 1, 1, 1, 1]
	z_W: [1, 0, 0, 0, 0, 0, 0, 0, 0, 0, 0, 0, 0, 0, 1, 1, 1, 0, 0, 0, 0, 0, 0, 0, 1, 0, 1, 0, 0, 0, 0, 0, 0, 0, 1, 0, 0, 0, 0, 0, 0, 0, 0, 1, 0, 0, 0, 1, 0, 0, 0, 0, 0, 1, 0, 1, 0, 0, 0, 0, 1, 1, 0, 1, 0, 0, 0, 1, 0, 1, 0, 0, 0, 0, 0, 1, 0, 1, 0, 1, 0, 0, 1, 0, 0, 1, 0, 1, 0, 0, 0, 0, 1, 0, 1, 1, 0, 1, 0, 1]
	b: [0.0, 4.901, 9.366, 11.83, 17.318, 14.123, 9.824, 5.159, 0.0, 0.0, 0.0, 0.0, 0.0, 0.0, 0.0, 0.0, 3.869, 0.0, 0.0, 0.0, 0.0, 0.0, 0.0, 0.0, 0.0, 0.0, 0.766, 0.0, 0.0, 0.0, 0.0, 0.0, 0.0, 0.0, 0.552, 0.0, 0.0, 0.0, 0.0, 0.0, 0.0, 0.0, 0.0, 0.0, 0.0, 0.0, 0.0, 0.649, 0.0, 0.0, 0.0, 0.0, 0.0, 0.0, 0.0, 0.0, 0.0, 0.0, 0.0, 0.0, 0.0, 0.0, 0.0, 3.384, 0.0, 0.0, 0.0, 0.0, 0.0, 3.538, 0.0, 0.0, 0.0, 0.0, 0.0, 0.0, 0.0, 0.0, 0.0, 0.0, 0.0, 0.0, 0.0, 0.0, 0.0, 0.0, 0.0, 2.455, 0.0, 0.0, 0.0, 0.0, 0.0, 0.0, 0.0, 0.0, 0.0, 0.0, 0.0, 0.329]
	h: [0.0, 0.0, 0.0, 0.0, 0.0, 0.0, 0.0, 0.0, 0.0, 0.0, 0.0, 0.0, 0.0, 0.666, 4.848, 0.142, 0.0, 0.0, 0.0, 0.0, 0.0, 0.0, 0.0, 2.827, 0.0, 2.821, 0.0, 0.0, 0.0, 0.0, 0.0, 0.0, 0.0, 3.18, 0.0, 0.0, 0.0, 0.0, 0.0, 0.0, 0.0, 0.0, 5.326, 0.0, 0.0, 0.0, 5.201, 0.0, 0.0, 0.0, 0.0, 0.0, 4.032, 0.0, 4.676, 0.0, 0.0, 0.0, 0.0, 0.0, 2.921, 5.418, 1.251, 0.0, 0.0, 0.0, 0.0, 2.684, 0.0, 0.0, 0.0, 0.0, 0.0, 0.0, 3.337, 0.0, 2.92, 0.0, 3.562, 0.0, 0.0, 0.0, 0.0, 0.0, 0.435, 3.0, 0.0, 0.0, 0.0, 0.0, 0.0, 0.0, 0.0, 2.966, 0.0, 0.0, 0.0, 0.21, 0.0, 0.0]
----------------------------
====================================
2021-06-20 02:21:22.992704
r: 0
Params
	A: [0.8, 0.8, 0.8, 0.8, 0.8, 0.8, 0.8, 0.8, 0.8, 0.8, 0.8, 0.8, 0.8, 0.8, 0.8, 0.8, 0.8, 0.8, 0.8, 0.8, 0.8, 0.8, 0.8, 0.8, 0.8, 0.8, 0.8, 0.8, 0.8, 0.8, 0.8, 0.8, 0.8, 0.8, 0.8, 0.8, 0.8, 0.8, 0.8, 0.8, 0.8, 0.8, 0.8, 0.8, 0.8, 0.8, 0.8, 0.8, 0.8, 0.8, 0.8, 0.8, 0.8, 0.8, 0.8, 0.8, 0.8, 0.8, 0.8, 0.8, 0.8, 0.8, 0.8, 0.8, 0.8, 0.8, 0.8, 0.8, 0.8, 0.8, 0.8, 0.8, 0.8, 0.8, 0.8, 0.8, 0.8, 0.8, 0.8, 0.8, 0.8, 0.8, 0.8, 0.8, 0.8, 0.8, 0.8, 0.8, 0.8, 0.8, 0.8, 0.8, 0.8, 0.8, 0.8, 0.8, 0.8, 0.8, 0.8, 0.8]
	D: [6, 6, 6, 6, 6, 6, 6, 6, 6, 6, 6, 6, 6, 6, 6, 6, 6, 6, 6, 6, 6, 6, 6, 6, 6, 6, 6, 6, 6, 6, 6, 6, 6, 6, 6, 6, 6, 6, 6, 6, 6, 6, 6, 6, 6, 6, 6, 6, 6, 6, 6, 6, 6, 6, 6, 6, 6, 6, 6, 6, 6, 6, 6, 6, 6, 6, 6, 6, 6, 6, 6, 6, 6, 6, 6, 6, 6, 6, 6, 6, 6, 6, 6, 6, 6, 6, 6, 6, 6, 6, 6, 6, 6, 6, 6, 6, 6, 6, 6, 6]
	W: [0.01, 0.01, 0.01, 0.01, 0.01, 0.01, 0.01, 0.01, 0.01, 0.01, 0.01, 0.01, 0.01, 0.01, 0.01, 0.01, 0.01, 0.01, 0.01, 0.01, 0.01, 0.01, 0.01, 0.01, 0.01, 0.01, 0.01, 0.01, 0.01, 0.01, 0.01, 0.01, 0.01, 0.01, 0.01, 0.01, 0.01, 0.01, 0.01, 0.01, 0.01, 0.01, 0.01, 0.01, 0.01, 0.01, 0.01, 0.01, 0.01, 0.01, 0.01, 0.01, 0.01, 0.01, 0.01, 0.01, 0.01, 0.01, 0.01, 0.01, 0.01, 0.01, 0.01, 0.01, 0.01, 0.01, 0.01, 0.01, 0.01, 0.01, 0.01, 0.01, 0.01, 0.01, 0.01, 0.01, 0.01, 0.01, 0.01, 0.01, 0.01, 0.01, 0.01, 0.01, 0.01, 0.01, 0.01, 0.01, 0.01, 0.01, 0.01, 0.01, 0.01, 0.01, 0.01, 0.01, 0.01, 0.01, 0.01, 0.01]
	W_P: [0.181, 0.33, 0.451, 0.551, 0.632, 0]
Solution
	Obj: 64572.0
	x: [0.0, 0.0, 0.0, 0.0, 0.0, 10.0, 8.0, 0.0, 0.0, 10.0, 8.0, 0.0, 0.0, 10.0, 8.0, 0.0, 0.0, 10.0, 8.0, 0.0, 0.0, 10.0, 8.0, 0.0, 0.0, 10.0, 8.0, 0.0, 0.0, 10.0, 8.0, 0.0, 0.0, 10.0, 8.0, 0.0, 0.0, 10.0, 8.0, 0.0, 0.0, 10.0, 8.0, 0.0, 0.0, 10.0, 8.0, 0.0, 0.0, 10.0, 8.0, 0.0, 0.0, 10.0, 8.0, 0.0, 0.0, 10.0, 8.0, 0.0, 0.0, 10.0, 8.0, 0.0, 0.0, 10.0, 8.0, 0.0, 0.0, 10.0, 8.0, 0.0, 0.0, 10.0, 8.0, 0.0, 0.0, 10.0, 8.0, 0.0, 0.0, 10.0, 8.0, 0.0, 0.0, 10.0, 8.0, 0.0, 0.0, 10.0, 8.0, 0.0, 0.0, 10.0, 8.0, 6.0, 4.0, -0.0, 0.0, 6.0]
	z_PM: [0, 1, 0, 1, 0, 0, 0, 1, 0, 0, 0, 1, 0, 0, 0, 1, 0, 0, 0, 1, 0, 0, 0, 1, 0, 0, 0, 1, 0, 0, 0, 1, 0, 0, 0, 1, 0, 0, 0, 1, 0, 0, 0, 1, 0, 0, 0, 1, 0, 0, 0, 1, 0, 0, 0, 1, 0, 0, 0, 1, 0, 0, 0, 1, 0, 0, 0, 1, 0, 0, 0, 1, 0, 0, 0, 1, 0, 0, 0, 1, 0, 0, 0, 1, 0, 0, 0, 1, 0, 0, 0, 1, 0, 0, 0, 0, 0, 1, 0, 0]
	z_CM: [0, 0, 0, 0, 0, 0, 0, 0, 0, 0, 0, 0, 0, 0, 0, 0, 0, 0, 0, 0, 0, 0, 0, 0, 0, 0, 0, 0, 0, 0, 0, 0, 0, 0, 0, 0, 0, 0, 0, 0, 0, 0, 0, 0, 0, 0, 0, 0, 0, 0, 0, 0, 0, 0, 0, 0, 0, 0, 0, 0, 0, 0, 0, 0, 0, 0, 0, 0, 0, 0, 0, 0, 0, 0, 0, 0, 0, 0, 0, 0, 0, 0, 0, 0, 0, 0, 0, 0, 0, 0, 0, 0, 0, 0, 0, 0, 0, 0, 0, 0]
	s: [4, 4, 2, 2, 0, 0, 1, 2, 0, 0, 1, 2, 0, 0, 0, 2, 0, 0, 1, 2, 0, 0, 1, 2, 0, 0, 0, 1, 0, 0, 1, 2, 0, 0, 0, 2, 0, 0, 1, 1, 0, 0, 0, 1, 0, 0, 1, 2, 0, 0, 1, 2, 0, 0, 1, 2, 0, 0, 0, 2, 0, 0, 1, 2, 0, 0, 1, 2, 0, 0, 1, 2, 0, 0, 1, 2, 0, 0, 1, 2, 0, 0, 1, 2, 0, 0, 1, 2, 0, 0, 1, 2, 0, 0, 1, 1, 2, 4, 2, 2]
	z_P: [0, 0, 0, 0, 0, 1, 1, 0, 0, 1, 1, 0, 0, 1, 1, 0, 0, 1, 1, 0, 0, 1, 1, 0, 0, 1, 1, 0, 0, 1, 1, 0, 0, 1, 1, 0, 0, 1, 1, 0, 0, 1, 1, 0, 0, 1, 1, 0, 0, 1, 1, 0, 0, 1, 1, 0, 0, 1, 1, 0, 0, 1, 1, 0, 0, 1, 1, 0, 0, 1, 1, 0, 0, 1, 1, 0, 0, 1, 1, 0, 0, 1, 1, 0, 0, 1, 1, 0, 0, 1, 1, 0, 0, 1, 1, 1, 1, 0, 0, 1]
	z_W: [1, 1, 1, 1, 1, 1, 1, 1, 1, 1, 1, 1, 1, 1, 1, 1, 1, 1, 1, 1, 1, 1, 1, 1, 1, 1, 1, 1, 1, 1, 1, 1, 1, 1, 1, 1, 1, 1, 1, 1, 1, 1, 1, 1, 1, 1, 1, 1, 1, 1, 1, 1, 1, 1, 1, 1, 1, 1, 1, 1, 1, 1, 1, 1, 1, 1, 1, 1, 1, 1, 1, 1, 1, 1, 1, 1, 1, 1, 1, 1, 1, 1, 1, 1, 1, 1, 1, 1, 1, 1, 1, 1, 1, 1, 1, 1, 1, 1, 1, 1]
	b: [0.0, 6.0, 12.0, 18.0, 24.0, 22.0, 21.6, 27.6, 33.6, 31.6, 31.2, 37.2, 43.2, 41.2, 40.8, 46.8, 52.8, 50.8, 50.4, 56.4, 62.4, 60.4, 60.0, 66.0, 72.0, 70.0, 69.6, 75.6, 81.6, 79.6, 79.2, 85.2, 91.2, 89.2, 88.8, 94.8, 100.8, 98.8, 98.4, 104.4, 110.4, 108.4, 108.0, 114.0, 120.0, 118.0, 117.6, 123.6, 129.6, 127.6, 127.2, 133.2, 139.2, 137.2, 136.8, 142.8, 148.8, 146.8, 146.4, 152.4, 158.4, 156.4, 156.0, 162.0, 168.0, 166.0, 165.6, 171.6, 177.6, 175.6, 175.2, 181.2, 187.2, 185.2, 184.8, 190.8, 196.8, 194.8, 194.4, 200.4, 206.4, 204.4, 204.0, 210.0, 216.0, 214.0, 213.6, 219.6, 225.6, 223.6, 223.2, 229.2, 235.2, 233.2, 232.8, 234.0, 236.8, 242.8, 248.8, 250.0]
	h: [0.0, 0.0, 0.0, 0.0, 0.0, 0.0, 0.0, 0.0, 0.0, 0.0, 0.0, 0.0, 0.0, 0.0, 0.0, 0.0, 0.0, 0.0, 0.0, 0.0, 0.0, 0.0, 0.0, 0.0, 0.0, 0.0, 0.0, 0.0, 0.0, 0.0, 0.0, 0.0, 0.0, 0.0, 0.0, 0.0, 0.0, 0.0, 0.0, 0.0, 0.0, 0.0, 0.0, 0.0, 0.0, 0.0, 0.0, 0.0, 0.0, 0.0, 0.0, 0.0, 0.0, 0.0, 0.0, 0.0, 0.0, 0.0, 0.0, 0.0, 0.0, 0.0, 0.0, 0.0, 0.0, 0.0, 0.0, 0.0, 0.0, 0.0, 0.0, 0.0, 0.0, 0.0, 0.0, 0.0, 0.0, 0.0, 0.0, 0.0, 0.0, 0.0, 0.0, 0.0, 0.0, 0.0, 0.0, 0.0, 0.0, 0.0, 0.0, 0.0, 0.0, 0.0, 0.0, 0.0, 0.0, 0.0, 0.0, 0.0]
----------------------------
====================================
